 Atomic Coordinates

0.000000000   0.014097528   -0.330426251
0.000000000   0.000595493   2.323632373
1.990610831   0.002802990   -0.787022078
-1.046320373   -1.809477091   -0.809426665
-0.944290459   1.638362008   -0.764617492
0.000000000   -0.000274898   3.974919930

 Force Constants 

          0.6030493
         -0.1261574   0.6269257
          0.0062785  -0.0682918   0.0597885
         -0.0213444  -0.0001415  -0.0004746   0.0358294
         -0.0001115  -0.0212450   0.0047276   0.0001167   0.0357735
          0.0000848   0.0013016   0.1558377  -0.0000742  -0.0002184
         -0.3382659   0.0057816   0.0636125   0.0000891  -0.0000835
          0.0143278  -0.0510740  -0.0009593  -0.0006324  -0.0007547
          0.0768846   0.0003495  -0.0337576   0.0129214  -0.0003774
         -0.0955468  -0.0722375  -0.0176958  -0.0003292  -0.0000098
         -0.0783829  -0.1949989  -0.0322894   0.0002826   0.0003186
         -0.0227543  -0.0388545  -0.0384354  -0.0070446  -0.0126819
         -0.1530429   0.1940705  -0.0506316  -0.0008964  -0.0007211
          0.1915878  -0.3649774   0.0873017  -0.0004359  -0.0006497
         -0.0606608   0.1053370  -0.0237776  -0.0052722   0.0088691
          0.0051507  -0.0013157  -0.0010891  -0.0133485   0.0008092
         -0.0012638   0.0053695   0.0095112   0.0008104  -0.0134427
          0.0001672   0.0001583  -0.1196557  -0.0000558  -0.0003190
         -0.0790433
         -0.0011077   0.3552781
          0.0001723  -0.0035050   0.0459216
         -0.0177854  -0.0713739   0.0009328   0.0398726
          0.0001167  -0.0079850  -0.0289897  -0.0089110   0.0957917
          0.0003651   0.0027911   0.0053381  -0.0000528   0.0895302
         -0.0160954   0.0040687   0.0077816   0.0039169   0.0224405
          0.0010078  -0.0098460   0.0197373  -0.0090027   0.0075663
         -0.0015526  -0.0047041   0.0008114  -0.0003702   0.0115928
         -0.0193383   0.0046055  -0.0078323   0.0025324   0.0040651
         -0.0000274   0.0007298  -0.0009380  -0.0005184   0.0005031
         -0.0000680  -0.0002801  -0.0002424  -0.0004820   0.0001140
         -0.0235753   0.0001949  -0.0000952   0.0052212  -0.0000155
          0.2019580
          0.0397628   0.0428850
         -0.0147119   0.0047743   0.1569960
         -0.0142614   0.0072491  -0.1977513   0.3799879
         -0.0077206   0.0028841   0.0541227  -0.0929478   0.0318510
          0.0004908  -0.0014845  -0.0007769  -0.0002893   0.0031396
          0.0016457  -0.0032571  -0.0006234  -0.0009108  -0.0057054
         -0.0000651   0.0048448  -0.0002706   0.0003198   0.0058484
          0.0077418
          0.0012429   0.0075807
         -0.0000202   0.0000012   0.1273166
Energy
-40.87482901
-40.67118109
