 Atomic Coordinates

0.000789506   0.000000000   -0.309511716
-0.009087751   0.000000000   2.394147744
1.960530180   0.000000000   -0.920103332
-0.982354366   -1.696622241   -0.917289643
-0.982354366   1.696622241   -0.917289643
0.003858251   0.000000000   4.048795387

 Force Constants 

          0.5691484
          0.0000000   0.5673966
         -0.0005930   0.0000000   0.1143646
         -0.0232964   0.0000000   0.0004618   0.0363851
          0.0000000  -0.0231504   0.0000000   0.0000000   0.0363228
         -0.0006789   0.0000000   0.1535164   0.0008294   0.0000000
         -0.3150170   0.0000000   0.0776530   0.0014249   0.0000000
          0.0000000  -0.0502720   0.0000000   0.0000000  -0.0003344
          0.0963691   0.0000000  -0.0517926   0.0113058   0.0000000
         -0.1167475  -0.1149113  -0.0384229   0.0000887   0.0008427
         -0.1148932  -0.2482881  -0.0667220   0.0007700   0.0009156
         -0.0478058  -0.0828861  -0.0513444  -0.0057075  -0.0098322
         -0.1167475   0.1149113  -0.0384229   0.0000887  -0.0008427
          0.1148932  -0.2482881   0.0667220  -0.0007700   0.0009156
         -0.0478058   0.0828861  -0.0513444  -0.0057075   0.0098322
          0.0026598   0.0000000  -0.0006759  -0.0146910   0.0000000
          0.0000000   0.0026019   0.0000000   0.0000000  -0.0146692
          0.0005144   0.0000000  -0.1133995  -0.0011820   0.0000000
         -0.0919179
         -0.0027213   0.3343351
          0.0000000   0.0000000   0.0461501
         -0.0131656  -0.0866865   0.0000000   0.0518181
          0.0013352  -0.0110848  -0.0255308  -0.0100721   0.1185528
          0.0023849   0.0029326   0.0019403  -0.0004794   0.1250314
         -0.0136321   0.0054644   0.0085264   0.0048973   0.0430219
          0.0013352  -0.0110848   0.0255308  -0.0100721   0.0083694
         -0.0023849  -0.0029326   0.0019403   0.0004794   0.0142144
         -0.0136321   0.0054644  -0.0085264   0.0048973   0.0045797
         -0.0000997   0.0014265   0.0000000  -0.0008442   0.0008214
          0.0000000   0.0000000   0.0005757   0.0000000   0.0003537
         -0.0211687   0.0008261   0.0000000   0.0033455  -0.0004419
          0.2618611
          0.0745049   0.0515660
         -0.0142144   0.0045797   0.1185528
         -0.0177007   0.0089324  -0.1250314   0.2618611
         -0.0089324   0.0048780   0.0430219  -0.0745049   0.0515660
          0.0003736   0.0004473   0.0008214  -0.0003736   0.0004473
          0.0012718   0.0007545  -0.0003537   0.0012718  -0.0007545
         -0.0007560   0.0036351  -0.0004419   0.0007560   0.0036351
          0.0089618
          0.0000000   0.0089479
          0.0007253   0.0000000   0.1239525
Energy
-40.87804487
-40.67490077
