 Atomic Coordinates

0.000000000   0.014097528   -0.330426251
0.000000000   0.000595493   2.323632373
1.990610831   0.002802990   -0.787022078
-1.046320373   -1.809477091   -0.809426665
-0.944290459   1.638362008   -0.764617492
0.000000000   -0.000274898   3.974919930

 Force Constants 

          0.6028404
         -0.1269499   0.6267220
          0.0056600  -0.0691387   0.0593109
         -0.0213457  -0.0000294  -0.0004245   0.0360606
         -0.0000173  -0.0212382   0.0047870   0.0001011   0.0359953
          0.0002236   0.0014363   0.1562056  -0.0000664  -0.0002077
         -0.3380142   0.0058991   0.0637188   0.0000727  -0.0001212
          0.0144986  -0.0511483  -0.0007211  -0.0006657  -0.0007848
          0.0769482   0.0006495  -0.0336545   0.0129299  -0.0004213
         -0.0955097  -0.0718786  -0.0174941  -0.0003671  -0.0000316
         -0.0779481  -0.1948508  -0.0319860   0.0002479   0.0002689
         -0.0226583  -0.0386804  -0.0384055  -0.0070767  -0.0127387
         -0.1531122   0.1941986  -0.0504199  -0.0009424  -0.0007326
          0.1916415  -0.3648336   0.0874902  -0.0004575  -0.0006785
         -0.0604829   0.1054325  -0.0236988  -0.0053261   0.0088802
          0.0051413  -0.0012398  -0.0010403  -0.0134782   0.0008016
         -0.0012248   0.0053488   0.0095685   0.0008036  -0.0135627
          0.0003094   0.0003010  -0.1197577  -0.0000362  -0.0002995
         -0.0793237
         -0.0011633   0.3552423
          0.0001272  -0.0034834   0.0460818
         -0.0178651  -0.0712968   0.0008483   0.0400152
          0.0000710  -0.0081364  -0.0291678  -0.0090123   0.0959328
          0.0003189   0.0027322   0.0053503  -0.0001281   0.0893522
         -0.0162450   0.0040670   0.0077706   0.0038895   0.0224400
          0.0009611  -0.0099280   0.0197765  -0.0091226   0.0075963
         -0.0016097  -0.0047371   0.0007279  -0.0004454   0.0116347
         -0.0194395   0.0045365  -0.0078806   0.0024401   0.0040582
         -0.0000262   0.0007635  -0.0009583  -0.0004464   0.0004841
         -0.0000648  -0.0002896  -0.0002269  -0.0005030   0.0000912
         -0.0233323   0.0001377  -0.0001444   0.0051747  -0.0000629
          0.2020301
          0.0397573   0.0431649
         -0.0148488   0.0047703   0.1571789
         -0.0144226   0.0072391  -0.1977703   0.3801050
         -0.0078478   0.0028696   0.0541321  -0.0929346   0.0320461
          0.0004646  -0.0015423  -0.0007927  -0.0003112   0.0030822
          0.0016242  -0.0033479  -0.0006235  -0.0008982  -0.0056496
         -0.0001142   0.0047265  -0.0003211   0.0002604   0.0057824
          0.0078820
          0.0012430   0.0077149
         -0.0000270  -0.0000032   0.1274065
Energy
-40.87482901
-40.67118109
