 Atomic Coordinates

0.000789506   0.000000000   -0.309511716
-0.009087751   0.000000000   2.394147744
1.960530180   0.000000000   -0.920103332
-0.982354366   -1.696622241   -0.917289643
-0.982354366   1.696622241   -0.917289643
0.003858251   0.000000000   4.048795387

 Force Constants 

          0.5690158
          0.0000000   0.5672952
         -0.0003478   0.0000000   0.1142019
         -0.0232937   0.0000000   0.0004168   0.0363969
          0.0000000  -0.0231620   0.0000000   0.0000000   0.0363396
         -0.0007222   0.0000000   0.1538017   0.0008482   0.0000000
         -0.3148081   0.0000000   0.0775076   0.0014368   0.0000000
          0.0000000  -0.0504223   0.0000000   0.0000000  -0.0003283
          0.0962445   0.0000000  -0.0518394   0.0113133   0.0000000
         -0.1167737  -0.1147393  -0.0384351   0.0000761   0.0008381
         -0.1145672  -0.2481410  -0.0666430   0.0007585   0.0009136
         -0.0478260  -0.0828116  -0.0513159  -0.0057175  -0.0098358
         -0.1167737   0.1147393  -0.0384351   0.0000761  -0.0008381
          0.1145672  -0.2481410   0.0666430  -0.0007585   0.0009136
         -0.0478260   0.0828116  -0.0513159  -0.0057175   0.0098358
          0.0026332   0.0000000  -0.0007064  -0.0146923   0.0000000
          0.0000000   0.0025711   0.0000000   0.0000000  -0.0146765
          0.0004774   0.0000000  -0.1135324  -0.0011434   0.0000000
         -0.0924072
         -0.0027167   0.3341368
          0.0000000   0.0000000   0.0462093
         -0.0131500  -0.0865385   0.0000000   0.0518269
          0.0013346  -0.0111090  -0.0255483  -0.0100955   0.1185596
          0.0023757   0.0029462   0.0019691  -0.0004828   0.1248143
         -0.0136853   0.0054614   0.0085073   0.0048918   0.0430451
          0.0013346  -0.0111090   0.0255483  -0.0100955   0.0084308
         -0.0023757  -0.0029462   0.0019691   0.0004828   0.0143024
         -0.0136853   0.0054614  -0.0085073   0.0048918   0.0045948
         -0.0000786   0.0014525   0.0000000  -0.0008283   0.0008162
          0.0000000   0.0000000   0.0006032   0.0000000   0.0003329
         -0.0208739   0.0008247   0.0000000   0.0033788  -0.0004440
          0.2617699
          0.0744664   0.0516277
         -0.0143024   0.0045948   0.1185596
         -0.0177750   0.0089468  -0.1248143   0.2617699
         -0.0089468   0.0048784   0.0430451  -0.0744664   0.0516277
          0.0003505   0.0004421   0.0008162  -0.0003505   0.0004421
          0.0012634   0.0007269  -0.0003329   0.0012634  -0.0007269
         -0.0007694   0.0036033  -0.0004440   0.0007694   0.0036033
          0.0089743
          0.0000000   0.0089755
          0.0007291   0.0000000   0.1238209
Energy
-40.87804487
-40.67490077
