 Atomic Coordinates

0.000000000   0.014097528   -0.330426251
0.000000000   0.000595493   2.323632373
1.990610831   0.002802990   -0.787022078
-1.046320373   -1.809477091   -0.809426665
-0.944290459   1.638362008   -0.764617492
0.000000000   -0.000274898   3.974919930

 Force Constants 

          0.6024948
         -0.1304027   0.6264757
          0.0017295  -0.0731001   0.0581326
         -0.0213047   0.0004300   0.0000764   0.0370191
          0.0004197  -0.0212591   0.0052869   0.0000382   0.0369510
          0.0009674   0.0021699   0.1565063  -0.0001477  -0.0002927
         -0.3378834   0.0068052   0.0647599  -0.0000784  -0.0002419
          0.0154320  -0.0511340   0.0003223  -0.0007938  -0.0009077
          0.0777565   0.0017607  -0.0330881   0.0129773  -0.0005644
         -0.0954143  -0.0709315  -0.0164647  -0.0005172  -0.0001552
         -0.0769521  -0.1947303  -0.0308857   0.0001211   0.0001292
         -0.0221325  -0.0380357  -0.0386325  -0.0072297  -0.0129615
         -0.1530574   0.1951164  -0.0493305  -0.0011070  -0.0008424
          0.1925350  -0.3647134   0.0885539  -0.0005811  -0.0008289
         -0.0594423   0.1061056  -0.0233557  -0.0055433   0.0089223
          0.0051650  -0.0010175  -0.0007706  -0.0140118   0.0007816
         -0.0010320   0.0053612   0.0098227   0.0007856  -0.0140844
          0.0011213   0.0010996  -0.1195627  -0.0001330  -0.0003907
         -0.0784664
         -0.0013677   0.3561230
         -0.0000709  -0.0037013   0.0465965
         -0.0182354  -0.0716458   0.0005583   0.0407054
         -0.0001240  -0.0085674  -0.0298264  -0.0093974   0.0965172
          0.0001130   0.0024718   0.0051728  -0.0004346   0.0892792
         -0.0164780   0.0040128   0.0077411   0.0037314   0.0223912
          0.0007548  -0.0103508   0.0199110  -0.0095264   0.0075192
         -0.0018159  -0.0049875   0.0005129  -0.0007481   0.0115960
         -0.0197685   0.0043266  -0.0081917   0.0020969   0.0038707
         -0.0000829   0.0007570  -0.0010214  -0.0001642   0.0004625
         -0.0001035  -0.0003463  -0.0002406  -0.0005719   0.0000379
         -0.0235580  -0.0000859  -0.0003591   0.0047898  -0.0002758
          0.2028046
          0.0397332   0.0441621
         -0.0153180   0.0047089   0.1578074
         -0.0149812   0.0072140  -0.1981872   0.3809205
         -0.0081896   0.0027322   0.0539395  -0.0932387   0.0328623
          0.0003979  -0.0017508  -0.0008113  -0.0003752   0.0028487
          0.0016049  -0.0036912  -0.0006798  -0.0009099  -0.0054079
         -0.0003363   0.0044848  -0.0005463   0.0000348   0.0054328
          0.0084386
          0.0012347   0.0082688
         -0.0000803  -0.0000483   0.1284133
Energy
-40.87482901
-40.67118109
