 Atomic Coordinates

0.000789506   0.000000000   -0.309511716
-0.009087751   0.000000000   2.394147744
1.960530180   0.000000000   -0.920103332
-0.982354366   -1.696622241   -0.917289643
-0.982354366   1.696622241   -0.917289643
0.003858251   0.000000000   4.048795387

 Force Constants 

          0.5689431
          0.0000000   0.5673124
         -0.0007717   0.0000000   0.1140518
         -0.0232847   0.0000000   0.0004662   0.0365224
          0.0000000  -0.0232054   0.0000000   0.0000000   0.0364531
         -0.0006408   0.0000000   0.1539032   0.0008426   0.0000000
         -0.3147393   0.0000000   0.0776089   0.0014164   0.0000000
          0.0000000  -0.0504854   0.0000000   0.0000000  -0.0003098
          0.0963127   0.0000000  -0.0517974   0.0113186   0.0000000
         -0.1167725  -0.1146568  -0.0383127   0.0000555   0.0008153
         -0.1143137  -0.2480613  -0.0665264   0.0007226   0.0008922
         -0.0477324  -0.0826699  -0.0512986  -0.0057422  -0.0098715
         -0.1167725   0.1146568  -0.0383127   0.0000555  -0.0008153
          0.1143137  -0.2480613   0.0665264  -0.0007226   0.0008922
         -0.0477324   0.0826699  -0.0512986  -0.0057422   0.0098715
          0.0026260   0.0000000  -0.0006780  -0.0147652   0.0000000
          0.0000000   0.0025010   0.0000000   0.0000000  -0.0147224
          0.0005646   0.0000000  -0.1135604  -0.0011431   0.0000000
         -0.0924037
         -0.0027438   0.3341994
          0.0000000   0.0000000   0.0463105
         -0.0131947  -0.0865507   0.0000000   0.0519138
          0.0013121  -0.0111679  -0.0256274  -0.0101439   0.1186509
          0.0023257   0.0029091   0.0019332  -0.0005293   0.1247498
         -0.0137363   0.0054455   0.0084786   0.0048591   0.0430433
          0.0013121  -0.0111679   0.0256274  -0.0101439   0.0084187
         -0.0023257  -0.0029091   0.0019332   0.0005293   0.0143879
         -0.0137363   0.0054455  -0.0084786   0.0048591   0.0045733
         -0.0000822   0.0014592   0.0000000  -0.0007928   0.0008153
          0.0000000   0.0000000   0.0006182   0.0000000   0.0003312
         -0.0208322   0.0007946   0.0000000   0.0033603  -0.0004721
          0.2618333
          0.0744674   0.0517712
         -0.0143879   0.0045733   0.1186509
         -0.0178733   0.0089226  -0.1247498   0.2618333
         -0.0089226   0.0048447   0.0430433  -0.0744674   0.0517712
          0.0003202   0.0004125   0.0008153  -0.0003202   0.0004125
          0.0012758   0.0006728  -0.0003312   0.0012758  -0.0006728
         -0.0008148   0.0035600  -0.0004721   0.0008148   0.0035600
          0.0090495
          0.0000000   0.0090516
          0.0007281   0.0000000   0.1239123
Energy
-40.87804487
-40.67490077
