 Atomic Coordinates

0.000000000   -0.019904649   -0.330426251
0.000000000   -0.077383370   2.323632373
1.990610831   0.040191118   -0.787022078
-0.999777125   -1.691478526   -0.975147212
-0.990833707   1.756360572   -0.598896945
0.000000000   0.209504568   3.974919930

 Force Constants 

          0.5975843
          0.0027706   0.5851696
         -0.0037551   0.0481622   0.0716485
         -0.0226865  -0.0002662   0.0002441   0.0382518
         -0.0001851  -0.0229929   0.0222436  -0.0000953   0.0400919
          0.0005261  -0.0001647   0.1576599  -0.0000576  -0.0088288
         -0.3368031  -0.0080198   0.0633196   0.0001216  -0.0000235
         -0.0102735  -0.0521802  -0.0020640  -0.0014321  -0.0006862
          0.0766143  -0.0001814  -0.0351038   0.0130394  -0.0010404
         -0.1225905  -0.1159224  -0.0424890  -0.0007791   0.0005984
         -0.1146719  -0.2447755  -0.0747318   0.0013193   0.0012254
         -0.0501504  -0.0862388  -0.0530937  -0.0062584  -0.0114705
         -0.1202954   0.1209392  -0.0177294  -0.0002999  -0.0001439
          0.1219078  -0.2698640   0.0274416   0.0006086  -0.0013168
         -0.0230951   0.0388435  -0.0226579  -0.0070086   0.0107330
          0.0047912   0.0004986   0.0004098  -0.0146079  -0.0001506
          0.0004521   0.0046430  -0.0210516  -0.0001343  -0.0163214
         -0.0001398  -0.0004207  -0.1184530   0.0000410  -0.0116369
         -0.0979477
         -0.0012331   0.3539678
          0.0022100   0.0091273   0.0468134
         -0.0176546  -0.0710154   0.0007577   0.0406891
          0.0004342  -0.0086539  -0.0238018  -0.0114309   0.1215526
          0.0025822   0.0029809   0.0023282  -0.0002512   0.1252878
         -0.0123156   0.0046945   0.0077448   0.0044899   0.0479241
          0.0003837  -0.0093758   0.0260838  -0.0067156   0.0098470
          0.0019627  -0.0040961   0.0040800  -0.0002920   0.0135093
         -0.0228379   0.0039788  -0.0079582   0.0024416   0.0058270
         -0.0000532   0.0007435   0.0002964  -0.0004918   0.0006239
          0.0022387   0.0000312  -0.0003552   0.0010074   0.0003287
         -0.0069042   0.0002556  -0.0006903   0.0051378  -0.0002654
          0.2553633
          0.0828899   0.0546953
         -0.0150795   0.0034313   0.1205859
         -0.0147347   0.0058892  -0.1312850   0.2816426
         -0.0095759   0.0033124   0.0206160  -0.0340279   0.0329297
          0.0001634   0.0003589  -0.0004619  -0.0006446  -0.0003182
          0.0005932   0.0011854  -0.0005145   0.0001928   0.0019855
         -0.0009131   0.0029117   0.0000141  -0.0009736   0.0068122
          0.0089111
         -0.0001632   0.0112475
          0.0000945   0.0146347   0.1104956
Energy
-40.87886729
-40.67512002
