 Atomic Coordinates

0.000000000   -0.019904649   -0.330426251
0.000000000   -0.077383370   2.323632373
1.990610831   0.040191118   -0.787022078
-0.999777125   -1.691478526   -0.975147212
-0.990833707   1.756360572   -0.598896945
0.000000000   0.209504568   3.974919930

 Force Constants 

          0.5977538
          0.0032412   0.5853043
         -0.0035804   0.0486336   0.0719814
         -0.0226817  -0.0003125   0.0002477   0.0381344
         -0.0002544  -0.0229875   0.0221413  -0.0000875   0.0399785
          0.0004811  -0.0002346   0.1573131  -0.0000725  -0.0087064
         -0.3370423  -0.0080362   0.0633546   0.0001239   0.0000011
         -0.0103484  -0.0520951  -0.0022045  -0.0014127  -0.0006749
          0.0766532  -0.0003530  -0.0351513   0.0130355  -0.0010168
         -0.1226083  -0.1162245  -0.0425762  -0.0007562   0.0006197
         -0.1150190  -0.2448852  -0.0749105   0.0013279   0.0012484
         -0.0501741  -0.0863808  -0.0531094  -0.0062425  -0.0114407
         -0.1202293   0.1208958  -0.0178354  -0.0002789  -0.0001344
          0.1219701  -0.2700012   0.0273852   0.0006176  -0.0013008
         -0.0231815   0.0388212  -0.0227291  -0.0069848   0.0107303
          0.0048077   0.0004363   0.0003897  -0.0145415  -0.0001444
          0.0004105   0.0046647  -0.0210451  -0.0001328  -0.0162636
         -0.0001982  -0.0004864  -0.1183046   0.0000166  -0.0117078
         -0.0975310
         -0.0012106   0.3541258
          0.0022237   0.0090874   0.0467182
         -0.0176199  -0.0711425   0.0008097   0.0406315
          0.0004571  -0.0085628  -0.0237005  -0.0113748   0.1214850
          0.0025876   0.0030024   0.0022912  -0.0002145   0.1254959
         -0.0122255   0.0046896   0.0077629   0.0045012   0.0479183
          0.0004042  -0.0093515   0.0260656  -0.0066410   0.0098060
          0.0019860  -0.0040889   0.0041303  -0.0002474   0.0134552
         -0.0227621   0.0040206  -0.0079347   0.0024911   0.0058174
         -0.0000593   0.0007068   0.0003086  -0.0005305   0.0006363
          0.0021437   0.0000342  -0.0003697   0.0010220   0.0003542
         -0.0071746   0.0002883  -0.0006571   0.0051474  -0.0002419
          0.2553846
          0.0829328   0.0545384
         -0.0149941   0.0034199   0.1204997
         -0.0146387   0.0058871  -0.1313263   0.2816257
         -0.0095016   0.0033115   0.0206137  -0.0340766   0.0328366
          0.0001868   0.0003888  -0.0004461  -0.0006277  -0.0002854
          0.0005998   0.0012386  -0.0005065   0.0001848   0.0019614
         -0.0008938   0.0029838   0.0000385  -0.0009344   0.0068519
          0.0088367
         -0.0001596   0.0111841
          0.0000967   0.0146794   0.1104962
Energy
-40.87886729
-40.67512002
