 Atomic Coordinates

0.000000000   -0.019904649   -0.330426251
0.000000000   -0.077383370   2.323632373
1.990610831   0.040191118   -0.787022078
-0.999777125   -1.691478526   -0.975147212
-0.990833707   1.756360572   -0.598896945
0.000000000   0.209504568   3.974919930

 Force Constants 

          0.5973983
          0.0009065   0.5849386
         -0.0057858   0.0460645   0.0709900
         -0.0226644  -0.0000211   0.0004970   0.0387518
          0.0000725  -0.0229603   0.0225354  -0.0001262   0.0405906
          0.0008636   0.0002024   0.1578427  -0.0000841  -0.0089091
         -0.3367116  -0.0075389   0.0638741   0.0000462  -0.0000960
         -0.0098050  -0.0521514  -0.0014940  -0.0015186  -0.0007700
          0.0770243   0.0004117  -0.0348072   0.0130624  -0.0011208
         -0.1225364  -0.1153615  -0.0419248  -0.0008752   0.0005264
         -0.1141044  -0.2447081  -0.0741455   0.0012651   0.0011462
         -0.0498662  -0.0858733  -0.0532026  -0.0063409  -0.0115894
         -0.1202809   0.1213945  -0.0172083  -0.0003718  -0.0002088
          0.1223368  -0.2697870   0.0279617   0.0005546  -0.0014037
         -0.0225532   0.0391903  -0.0224649  -0.0071245   0.0107519
          0.0047952   0.0006205   0.0005477  -0.0148865  -0.0001680
          0.0005936   0.0046681  -0.0209222  -0.0001538  -0.0166028
          0.0003173   0.0000043  -0.1183580  -0.0000099  -0.0116681
         -0.0975947
         -0.0013333   0.3543995
          0.0021141   0.0090244   0.0470726
         -0.0178349  -0.0711787   0.0006072   0.0410398
          0.0003419  -0.0088940  -0.0241404  -0.0116449   0.1218553
          0.0024951   0.0028392   0.0022345  -0.0004161   0.1251967
         -0.0124351   0.0046633   0.0077160   0.0043996   0.0478888
          0.0002970  -0.0095840   0.0261697  -0.0069189   0.0098164
          0.0018698  -0.0042224   0.0039773  -0.0004476   0.0134930
         -0.0229998   0.0038689  -0.0081287   0.0022651   0.0057243
         -0.0000851   0.0007439   0.0002698  -0.0003443   0.0006340
          0.0022276  -0.0000064  -0.0003631   0.0009655   0.0002857
         -0.0069783   0.0001057  -0.0008146   0.0049375  -0.0003853
          0.2557539
          0.0828683   0.0552188
         -0.0153220   0.0034011   0.1209101
         -0.0150218   0.0058690  -0.1314855   0.2820698
         -0.0097653   0.0032343   0.0205239  -0.0341597   0.0333484
          0.0001254   0.0002539  -0.0004897  -0.0006765  -0.0004393
          0.0005952   0.0010093  -0.0005480   0.0001654   0.0021115
         -0.0010366   0.0027850  -0.0000948  -0.0010933   0.0066169
          0.0092031
         -0.0001712   0.0115373
          0.0000671   0.0146083   0.1109969
Energy
-40.87886729
-40.67512002
