 Atomic Coordinates

-0.020562489   0.000000000   -0.330541025
-0.073985379   0.000000000   2.321966285
2.021245249   0.000000000   -0.564494027
-0.956488209   -1.728207992   -0.896831384
-0.956488209   1.728207992   -0.896831384
0.210750106   0.000000000   3.975046727

 Force Constants 

          0.5804616
          0.0000000   0.6019816
          0.0520715   0.0000000   0.0722523
         -0.0226719   0.0000000   0.0222760   0.0401029
          0.0000000  -0.0231509   0.0000000   0.0000000   0.0383271
         -0.0002121   0.0000000   0.1578248  -0.0094869   0.0000000
         -0.3347816   0.0000000   0.0268904  -0.0015604   0.0000000
          0.0000000  -0.0529295   0.0000000   0.0000000  -0.0003356
          0.0392954   0.0000000  -0.0209787   0.0127853   0.0000000
         -0.1136333  -0.1133812  -0.0399291   0.0000987   0.0017710
         -0.1153537  -0.2656477  -0.0669157   0.0004948  -0.0000655
         -0.0454324  -0.0793324  -0.0452351  -0.0071742  -0.0110100
         -0.1136333   0.1133812  -0.0399291   0.0000987  -0.0017710
          0.1153537  -0.2656477   0.0669157  -0.0004948  -0.0000655
         -0.0454324   0.0793324  -0.0452351  -0.0071742   0.0110100
          0.0042586   0.0000000  -0.0213796  -0.0160680   0.0000000
          0.0000000   0.0053943   0.0000000   0.0000000  -0.0147095
         -0.0002900   0.0000000  -0.1186282  -0.0112261   0.0000000
         -0.0989155
          0.0021722   0.3524573
          0.0000000   0.0000000   0.0473489
         -0.0239808  -0.0340090   0.0000000   0.0324040
          0.0025357  -0.0082584  -0.0260853  -0.0102519   0.1135886
          0.0009057   0.0034656   0.0034068   0.0004229   0.1243190
         -0.0144731   0.0030427   0.0055168   0.0027394   0.0435589
          0.0025357  -0.0082584   0.0260853  -0.0102519   0.0081700
         -0.0009057  -0.0034656   0.0034068  -0.0004229   0.0132382
         -0.0144731   0.0030427  -0.0055168   0.0027394   0.0048986
          0.0024554   0.0004016   0.0000000   0.0024322   0.0000345
          0.0000000   0.0000000  -0.0008972   0.0000000   0.0001384
         -0.0059823  -0.0011390   0.0000000   0.0070766  -0.0008122
          0.2765090
          0.0751009   0.0484132
         -0.0132382   0.0048986   0.1135886
         -0.0149839   0.0090962  -0.1243190   0.2765090
         -0.0090962   0.0046724   0.0435589  -0.0751009   0.0484132
          0.0003124   0.0011063   0.0000345  -0.0003124   0.0011063
          0.0007813   0.0006285  -0.0001384   0.0007813  -0.0006285
         -0.0004177   0.0038832  -0.0008122   0.0004177   0.0038832
          0.0113389
          0.0000000   0.0086498
          0.0142794   0.0000000   0.1097675
Energy
-40.87881927
-40.67505149
