 Atomic Coordinates

-0.020562489   0.000000000   -0.330541025
-0.073985379   0.000000000   2.321966285
2.021245249   0.000000000   -0.564494027
-0.956488209   -1.728207992   -0.896831384
-0.956488209   1.728207992   -0.896831384
0.210750106   0.000000000   3.975046727

 Force Constants 

          0.5802016
          0.0000000   0.6025047
          0.0500068   0.0000000   0.0715647
         -0.0226353   0.0000000   0.0225593   0.0406014
          0.0000000  -0.0233682   0.0000000   0.0000000   0.0388769
          0.0001558   0.0000000   0.1580158  -0.0095636   0.0000000
         -0.3346644   0.0000000   0.0274015  -0.0016496   0.0000000
          0.0000000  -0.0531702   0.0000000   0.0000000  -0.0003118
          0.0397083   0.0000000  -0.0206623   0.0128074   0.0000000
         -0.1135925  -0.1132508  -0.0393627   0.0000164   0.0017521
         -0.1145133  -0.2654928  -0.0664614   0.0003585  -0.0001364
         -0.0450076  -0.0787848  -0.0451942  -0.0072722  -0.0111571
         -0.1135925   0.1132508  -0.0393627   0.0000164  -0.0017521
          0.1145133  -0.2654928   0.0664614  -0.0003585  -0.0001364
         -0.0450076   0.0787848  -0.0451942  -0.0072722   0.0111571
          0.0042831   0.0000000  -0.0212422  -0.0163493   0.0000000
          0.0000000   0.0050193   0.0000000   0.0000000  -0.0149241
          0.0001444   0.0000000  -0.1185297  -0.0112588   0.0000000
         -0.0985509
          0.0020767   0.3528974
          0.0000000   0.0000000   0.0477587
         -0.0241671  -0.0341520   0.0000000   0.0327624
          0.0024454  -0.0084822  -0.0263790  -0.0104691   0.1139740
          0.0007385   0.0033059   0.0032795   0.0002053   0.1242068
         -0.0146194   0.0029675   0.0054254   0.0026014   0.0435432
          0.0024454  -0.0084822   0.0263790  -0.0104691   0.0080558
         -0.0007385  -0.0033059   0.0032795  -0.0002053   0.0135507
         -0.0146194   0.0029675  -0.0054254   0.0026014   0.0047831
          0.0024404   0.0003811   0.0000000   0.0025746   0.0000285
          0.0000000   0.0000000  -0.0008356   0.0000000   0.0001203
         -0.0060590  -0.0012611   0.0000000   0.0068642  -0.0009399
          0.2768610
          0.0751185   0.0489672
         -0.0135507   0.0047831   0.1139740
         -0.0153838   0.0089875  -0.1242068   0.2768610
         -0.0089875   0.0045194   0.0435432  -0.0751185   0.0489672
          0.0001928   0.0009860   0.0000285  -0.0001928   0.0009860
          0.0008726   0.0004105  -0.0001203   0.0008726  -0.0004105
         -0.0006135   0.0037257  -0.0009399   0.0006135   0.0037257
          0.0116282
          0.0000000   0.0089953
          0.0142552   0.0000000   0.1102731
Energy
-40.87881927
-40.67505149
