 Atomic Coordinates

-0.020562489   0.000000000   -0.330541025
-0.073985379   0.000000000   2.321966285
2.021245249   0.000000000   -0.564494027
-0.956488209   -1.728207992   -0.896831384
-0.956488209   1.728207992   -0.896831384
0.210750106   0.000000000   3.975046727

 Force Constants 

          0.5806641
          0.0000000   0.6019281
          0.0523353   0.0000000   0.0725805
         -0.0226701   0.0000000   0.0221786   0.0399896
          0.0000000  -0.0230911   0.0000000   0.0000000   0.0382026
         -0.0002935   0.0000000   0.1574794  -0.0093644   0.0000000
         -0.3350353   0.0000000   0.0268814  -0.0015611   0.0000000
          0.0000000  -0.0527303   0.0000000   0.0000000  -0.0003492
          0.0392986   0.0000000  -0.0210598   0.0127864   0.0000000
         -0.1136151  -0.1135745  -0.0400183   0.0001238   0.0017801
         -0.1158141  -0.2658194  -0.0670729   0.0005318  -0.0000486
         -0.0454883  -0.0795047  -0.0452604  -0.0071521  -0.0109755
         -0.1136151   0.1135745  -0.0400183   0.0001238  -0.0017801
          0.1158141  -0.2658194   0.0670729  -0.0005318  -0.0000486
         -0.0454883   0.0795047  -0.0452604  -0.0071521   0.0109755
          0.0042714   0.0000000  -0.0213588  -0.0160060   0.0000000
          0.0000000   0.0055319   0.0000000   0.0000000  -0.0146650
         -0.0003638   0.0000000  -0.1184794  -0.0112965   0.0000000
         -0.0984953
          0.0021988   0.3526219
          0.0000000   0.0000000   0.0472118
         -0.0239264  -0.0341277   0.0000000   0.0323465
          0.0025495  -0.0081941  -0.0260113  -0.0101805   0.1135050
          0.0009506   0.0034888   0.0034046   0.0004659   0.1245395
         -0.0144020   0.0030685   0.0055488   0.0027704   0.0435327
          0.0025495  -0.0081941   0.0260113  -0.0101805   0.0081339
         -0.0009506  -0.0034888   0.0034046  -0.0004659   0.0131022
         -0.0144020   0.0030685  -0.0055488   0.0027704   0.0049036
          0.0023602   0.0003627   0.0000000   0.0024037   0.0000464
          0.0000000   0.0000000  -0.0009415   0.0000000   0.0001640
         -0.0062538  -0.0010895   0.0000000   0.0070989  -0.0007871
          0.2765448
          0.0751304   0.0482541
         -0.0131022   0.0049036   0.1135050
         -0.0148435   0.0091064  -0.1245395   0.2765448
         -0.0091064   0.0047040   0.0435327  -0.0751304   0.0482541
          0.0003561   0.0011355   0.0000464  -0.0003561   0.0011355
          0.0007621   0.0006945  -0.0001640   0.0007621  -0.0006945
         -0.0003676   0.0039339  -0.0007871   0.0003676   0.0039339
          0.0112791
          0.0000000   0.0085503
          0.0143240   0.0000000   0.1097666
Energy
-40.87881927
-40.67505149
