 Atomic Coordinates

-0.014100051   0.000000000   -0.330281994
-0.000649773   0.000000000   2.323541650
2.106908305   0.000000000   -0.813586000
-0.969184727   -1.674173114   -0.774347702
-0.969184727   1.674173114   -0.774347702
0.000132519   0.000000000   3.974506777

 Force Constants 

          0.4989016
          0.0000000   0.7253771
          0.0593855   0.0000000   0.0609309
         -0.0214554   0.0000000  -0.0038517   0.0358661
          0.0000000  -0.0211487   0.0000000   0.0000000   0.0356887
         -0.0009122   0.0000000   0.1557441   0.0001592   0.0000000
         -0.2209923   0.0000000   0.0336583   0.0002595   0.0000000
          0.0000000  -0.0551932   0.0000000   0.0000000  -0.0003222
          0.0411264   0.0000000  -0.0386180   0.0146801   0.0000000
         -0.1301984  -0.1519635  -0.0405077  -0.0010418   0.0000916
         -0.1576942  -0.3277635  -0.0721206   0.0005073  -0.0000510
         -0.0498672  -0.0864883  -0.0292148  -0.0055798  -0.0101983
         -0.1301984   0.1519635  -0.0405077  -0.0010418  -0.0000916
          0.1576942  -0.3277635   0.0721206  -0.0005073  -0.0000510
         -0.0498672   0.0864883  -0.0292148  -0.0055798   0.0101983
          0.0039429   0.0000000  -0.0081767  -0.0125866   0.0000000
          0.0000000   0.0064917   0.0000000   0.0000000  -0.0141157
          0.0001348   0.0000000  -0.1196273   0.0001720   0.0000000
         -0.0788393
         -0.0003437   0.2386821
          0.0000000   0.0000000   0.0445575
         -0.0160058  -0.0424645   0.0000000   0.0431383
          0.0005448  -0.0098030  -0.0252239  -0.0087068   0.1374931
          0.0013802   0.0039479   0.0052614   0.0004074   0.1649833
         -0.0185753   0.0045843   0.0075231   0.0034576   0.0442442
          0.0005448  -0.0098030   0.0252239  -0.0087068   0.0044777
         -0.0013802  -0.0039479   0.0052614  -0.0004074   0.0121644
         -0.0185753   0.0045843  -0.0075231   0.0034576   0.0045500
          0.0000071   0.0016567   0.0000000   0.0040716  -0.0009276
          0.0000000   0.0000000   0.0004351   0.0000000  -0.0000520
         -0.0237484  -0.0000187   0.0000000   0.0045703  -0.0001245
          0.3358865
          0.0784274   0.0361176
         -0.0121644   0.0045500   0.1374931
         -0.0136746   0.0077603  -0.1649833   0.3358865
         -0.0077603   0.0025707   0.0442442  -0.0784274   0.0361176
          0.0004200   0.0020686  -0.0009276  -0.0004200   0.0020686
          0.0003411   0.0029758   0.0000520   0.0003411  -0.0029758
         -0.0003342   0.0056441  -0.0001245   0.0003342   0.0056441
          0.0088421
          0.0000000   0.0065066
         -0.0000391   0.0000000   0.1275171
Energy
-40.87516954
-40.67150737
