 Atomic Coordinates

-0.014100051   0.000000000   -0.330281994
-0.000649773   0.000000000   2.323541650
2.106908305   0.000000000   -0.813586000
-0.969184727   -1.674173114   -0.774347702
-0.969184727   1.674173114   -0.774347702
0.000132519   0.000000000   3.974506777

 Force Constants 

          0.4983256
          0.0000000   0.7264314
          0.0539748   0.0000000   0.0588626
         -0.0213648   0.0000000  -0.0031683   0.0372211
          0.0000000  -0.0217024   0.0000000   0.0000000   0.0371660
          0.0001902   0.0000000   0.1564814   0.0000421   0.0000000
         -0.2206786   0.0000000   0.0350875   0.0000449   0.0000000
          0.0000000  -0.0558444   0.0000000   0.0000000  -0.0002837
          0.0422004   0.0000000  -0.0378001   0.0147498   0.0000000
         -0.1301369  -0.1512750  -0.0390421  -0.0012806  -0.0000333
         -0.1552283  -0.3272895  -0.0709160   0.0001563  -0.0002215
         -0.0487871  -0.0849927  -0.0290335  -0.0058541  -0.0106102
         -0.1301369   0.1512750  -0.0390421  -0.0012806   0.0000333
          0.1552283  -0.3272895   0.0709160  -0.0001563  -0.0002215
         -0.0487871   0.0849927  -0.0290335  -0.0058541   0.0106102
          0.0039918   0.0000000  -0.0078098  -0.0133399   0.0000000
          0.0000000   0.0056945   0.0000000   0.0000000  -0.0147368
          0.0012089   0.0000000  -0.1194769   0.0000847   0.0000000
         -0.0780165
         -0.0006530   0.2397968
          0.0000000   0.0000000   0.0455944
         -0.0165456  -0.0428864   0.0000000   0.0440755
          0.0002437  -0.0104143  -0.0260732  -0.0092741   0.1385543
          0.0008727   0.0035412   0.0049261  -0.0001450   0.1644736
         -0.0190586   0.0043874   0.0072366   0.0030934   0.0442164
          0.0002437  -0.0104143   0.0260732  -0.0092741   0.0042555
         -0.0008727  -0.0035412   0.0049261   0.0001450   0.0130350
         -0.0190586   0.0043874  -0.0072366   0.0030934   0.0042806
         -0.0000667   0.0016656   0.0000000   0.0044843  -0.0009779
          0.0000000   0.0000000   0.0006814   0.0000000  -0.0001270
         -0.0238022  -0.0003228   0.0000000   0.0040833  -0.0004247
          0.3367539
          0.0784961   0.0376594
         -0.0130350   0.0042806   0.1385543
         -0.0146543   0.0074646  -0.1644736   0.3367539
         -0.0074646   0.0021365   0.0442164  -0.0784961   0.0376594
          0.0000920   0.0017568  -0.0009779  -0.0000920   0.0017568
          0.0004853   0.0024057   0.0001270   0.0004853  -0.0024057
         -0.0008433   0.0052029  -0.0004247   0.0008433   0.0052029
          0.0096383
          0.0000000   0.0073904
         -0.0001214   0.0000000   0.1287899
Energy
-40.87516954
-40.67150737
