 Atomic Coordinates

-0.014100051   0.000000000   -0.330281994
-0.000649773   0.000000000   2.323541650
2.106908305   0.000000000   -0.813586000
-0.969184727   -1.674173114   -0.774347702
-0.969184727   1.674173114   -0.774347702
0.000132519   0.000000000   3.974506777

 Force Constants 

          0.4987705
          0.0000000   0.7254636
          0.0585846   0.0000000   0.0603978
         -0.0214431   0.0000000  -0.0037718   0.0361138
          0.0000000  -0.0212484   0.0000000   0.0000000   0.0359758
         -0.0007454   0.0000000   0.1561152   0.0001584   0.0000000
         -0.2208211   0.0000000   0.0338608   0.0002307   0.0000000
          0.0000000  -0.0554882   0.0000000   0.0000000  -0.0003125
          0.0412634   0.0000000  -0.0384988   0.0146954   0.0000000
         -0.1302255  -0.1516431  -0.0402735  -0.0010903   0.0000631
         -0.1569179  -0.3275311  -0.0718774   0.0004359  -0.0000891
         -0.0497034  -0.0861890  -0.0291443  -0.0056341  -0.0102789
         -0.1302255   0.1516431  -0.0402735  -0.0010903  -0.0000631
          0.1569179  -0.3275311   0.0718774  -0.0004359  -0.0000891
         -0.0497034   0.0861890  -0.0291443  -0.0056341   0.0102789
          0.0039447   0.0000000  -0.0081267  -0.0127208   0.0000000
          0.0000000   0.0063352   0.0000000   0.0000000  -0.0142368
          0.0003042   0.0000000  -0.1197255   0.0001861   0.0000000
         -0.0790825
         -0.0004026   0.2387642
          0.0000000   0.0000000   0.0448069
         -0.0160931  -0.0424634   0.0000000   0.0433101
          0.0004910  -0.0099256  -0.0253923  -0.0088249   0.1376840
          0.0012775   0.0038925   0.0052439   0.0003088   0.1646578
         -0.0187120   0.0045417   0.0074555   0.0033848   0.0442768
          0.0004910  -0.0099256   0.0253923  -0.0088249   0.0045039
         -0.0012775  -0.0038925   0.0052439  -0.0003088   0.0124038
         -0.0187120   0.0045417  -0.0074555   0.0033848   0.0045126
          0.0000075   0.0016774   0.0000000   0.0041544  -0.0009465
          0.0000000   0.0000000   0.0005060   0.0000000  -0.0000894
         -0.0235155  -0.0000782   0.0000000   0.0045123  -0.0001821
          0.3359373
          0.0784458   0.0364441
         -0.0124038   0.0045126   0.1376840
         -0.0139157   0.0077117  -0.1646578   0.3359373
         -0.0077117   0.0024864   0.0442768  -0.0784458   0.0364441
          0.0003354   0.0020064  -0.0009465  -0.0003354   0.0020064
          0.0003547   0.0028549   0.0000894   0.0003547  -0.0028549
         -0.0004430   0.0055411  -0.0001821   0.0004430   0.0055411
          0.0089917
          0.0000000   0.0066861
         -0.0000480   0.0000000   0.1276466
Energy
-40.87516954
-40.67150737
