 Atomic Coordinates

-0.000172950   0.000000000   -0.334784526
-0.000179334   0.000000000   2.320376747
1.904491206   0.000000000   -0.770296366
-0.951067789   -1.646748623   -0.769267328
-0.951067789   1.646748623   -0.769267328
-0.000115415   0.000000000   3.977875231

 Force Constants 

          0.7343306
          0.0000000   0.7396183
          0.0004540   0.0000000   0.0345419
         -0.0193099   0.0000000   0.0000076   0.0361374
          0.0000000  -0.0193511   0.0000000   0.0000000   0.0361291
          0.0000909   0.0000000   0.1597084  -0.0000129   0.0000000
         -0.4418342   0.0000000   0.0899284   0.0000152   0.0000000
          0.0000000  -0.0404171   0.0000000   0.0000000  -0.0012001
          0.1072295   0.0000000  -0.0244991   0.0111858   0.0000000
         -0.1415432  -0.1757576  -0.0451253  -0.0009016   0.0005467
         -0.1760795  -0.3448527  -0.0784551   0.0005418  -0.0002558
         -0.0539534  -0.0936361  -0.0242596  -0.0055541  -0.0096246
         -0.1415432   0.1757576  -0.0451253  -0.0009016  -0.0005467
          0.1760795  -0.3448527   0.0784551  -0.0005418  -0.0002558
         -0.0539534   0.0936361  -0.0242596  -0.0055541   0.0096246
          0.0098999   0.0000000  -0.0001395  -0.0150394   0.0000000
          0.0000000   0.0098555   0.0000000   0.0000000  -0.0150662
          0.0001324   0.0000000  -0.1212319  -0.0000724   0.0000000
         -0.0817032
         -0.0016021   0.4603385
          0.0000000   0.0000000   0.0402117
         -0.0193189  -0.0966846   0.0000000   0.0336459
          0.0007739  -0.0093195  -0.0226148  -0.0086309   0.1462336
          0.0013831   0.0043775   0.0011083   0.0002894   0.1840482
         -0.0192900   0.0040370   0.0076394   0.0021299   0.0486033
          0.0007739  -0.0093195   0.0226148  -0.0086309   0.0061002
         -0.0013831  -0.0043775   0.0011083  -0.0002894   0.0133351
         -0.0192900   0.0040370  -0.0076394   0.0021299   0.0045459
         -0.0000236   0.0001195   0.0000000  -0.0044690  -0.0005696
          0.0000000   0.0000000  -0.0008111   0.0000000   0.0004424
         -0.0201064   0.0002844   0.0000000   0.0059121  -0.0001670
          0.3584672
          0.0843235   0.0332786
         -0.0133351   0.0045459   0.1462336
         -0.0144210   0.0072768  -0.1840482   0.3584672
         -0.0072768   0.0021025   0.0486033  -0.0843235   0.0332786
          0.0004470   0.0023213  -0.0005696  -0.0004470   0.0023213
         -0.0000460   0.0040210  -0.0004424  -0.0000460  -0.0040210
         -0.0002641   0.0060386  -0.0001670   0.0002641   0.0060386
          0.0061592
          0.0000000   0.0061138
         -0.0000105   0.0000000   0.1233491
Energy
-40.87468284
-40.67187233
