 Atomic Coordinates

-0.000172950   0.000000000   -0.334784526
-0.000179334   0.000000000   2.320376747
1.904491206   0.000000000   -0.770296366
-0.951067789   -1.646748623   -0.769267328
-0.951067789   1.646748623   -0.769267328
-0.000115415   0.000000000   3.977875231

 Force Constants 

          0.7338610
          0.0000000   0.7401597
         -0.0030584   0.0000000   0.0330690
         -0.0192937   0.0000000   0.0004400   0.0370966
          0.0000000  -0.0197133   0.0000000   0.0000000   0.0371699
          0.0008297   0.0000000   0.1603414  -0.0000811   0.0000000
         -0.4414090   0.0000000   0.0907952  -0.0000994   0.0000000
          0.0000000  -0.0409478   0.0000000   0.0000000  -0.0011763
          0.1078253   0.0000000  -0.0239493   0.0112309   0.0000000
         -0.1415222  -0.1751921  -0.0441229  -0.0010642   0.0004576
         -0.1741355  -0.3444049  -0.0775946   0.0003033  -0.0003862
         -0.0532407  -0.0925834  -0.0241289  -0.0057338  -0.0099165
         -0.1415222   0.1751921  -0.0441229  -0.0010642  -0.0004576
          0.1741355  -0.3444049   0.0775946  -0.0003033  -0.0003862
         -0.0532407   0.0925834  -0.0241289  -0.0057338   0.0099165
          0.0098860   0.0000000   0.0000690  -0.0155751   0.0000000
          0.0000000   0.0093112   0.0000000   0.0000000  -0.0155078
          0.0008848   0.0000000  -0.1212032  -0.0001223   0.0000000
         -0.0813112
         -0.0018223   0.4608741
          0.0000000   0.0000000   0.0409943
         -0.0196987  -0.0967894   0.0000000   0.0343138
          0.0005646  -0.0097698  -0.0232002  -0.0090428   0.1469285
          0.0010156   0.0040841   0.0008785  -0.0001050   0.1835405
         -0.0196490   0.0038852   0.0074222   0.0018712   0.0486029
          0.0005646  -0.0097698   0.0232002  -0.0090428   0.0060251
         -0.0010156  -0.0040841   0.0008785   0.0001050   0.0140039
         -0.0196490   0.0038852  -0.0074222   0.0018712   0.0043779
         -0.0000555   0.0001740   0.0000000  -0.0041813  -0.0005974
          0.0000000   0.0000000  -0.0006271   0.0000000   0.0003903
         -0.0200333   0.0000462   0.0000000   0.0055917  -0.0003798
          0.3590238
          0.0843871   0.0343894
         -0.0140039   0.0043779   0.1469285
         -0.0151592   0.0070683  -0.1835405   0.3590238
         -0.0070683   0.0017944   0.0486029  -0.0843871   0.0343894
          0.0002115   0.0021084  -0.0005974  -0.0002115   0.0021084
          0.0000481   0.0036225  -0.0003903   0.0000481  -0.0036225
         -0.0006348   0.0057230  -0.0003798   0.0006348   0.0057230
          0.0067098
          0.0000000   0.0067276
         -0.0000491   0.0000000   0.1241987
Energy
-40.87468284
-40.67187233
