 Atomic Coordinates

-0.000172950   0.000000000   -0.334784526
-0.000179334   0.000000000   2.320376747
1.904491206   0.000000000   -0.770296366
-0.951067789   -1.646748623   -0.769267328
-0.951067789   1.646748623   -0.769267328
-0.000115415   0.000000000   3.977875231

 Force Constants 

          0.7341370
          0.0000000   0.7395522
          0.0001204   0.0000000   0.0340807
         -0.0193222   0.0000000   0.0000346   0.0363217
          0.0000000  -0.0194150   0.0000000   0.0000000   0.0363301
          0.0001957   0.0000000   0.1600753  -0.0000025   0.0000000
         -0.4415399   0.0000000   0.0899435   0.0000162   0.0000000
          0.0000000  -0.0406828   0.0000000   0.0000000  -0.0011935
          0.1071945   0.0000000  -0.0244098   0.0111921   0.0000000
         -0.1415778  -0.1754629  -0.0449920  -0.0009366   0.0005260
         -0.1753841  -0.3446085  -0.0782854   0.0004921  -0.0002850
         -0.0538761  -0.0934336  -0.0242000  -0.0055871  -0.0096815
         -0.1415778   0.1754629  -0.0449920  -0.0009366  -0.0005260
          0.1753841  -0.3446085   0.0782854  -0.0004921  -0.0002850
         -0.0538761   0.0934336  -0.0242000  -0.0055871   0.0096815
          0.0098807   0.0000000  -0.0001145  -0.0151424   0.0000000
          0.0000000   0.0097625   0.0000000   0.0000000  -0.0151516
          0.0002416   0.0000000  -0.1213461  -0.0000500   0.0000000
         -0.0820225
         -0.0016516   0.4601774
          0.0000000   0.0000000   0.0403985
         -0.0193848  -0.0965284   0.0000000   0.0337496
          0.0007391  -0.0094110  -0.0227186  -0.0087248   0.1463440
          0.0013080   0.0043492   0.0011158   0.0002201   0.1837065
         -0.0194064   0.0040027   0.0075856   0.0020809   0.0486488
          0.0007391  -0.0094110   0.0227186  -0.0087248   0.0061692
         -0.0013080  -0.0043492   0.0011158  -0.0002201   0.0135407
         -0.0194064   0.0040027  -0.0075856   0.0020809   0.0045324
         -0.0000199   0.0001682   0.0000000  -0.0044087  -0.0005878
          0.0000000   0.0000000  -0.0007537   0.0000000   0.0004083
         -0.0198552   0.0002312   0.0000000   0.0058833  -0.0002036
          0.3584404
          0.0843478   0.0335217
         -0.0135407   0.0045324   0.1463440
         -0.0146152   0.0072470  -0.1837065   0.3584404
         -0.0072470   0.0020429   0.0486488  -0.0843478   0.0335217
          0.0003771   0.0022793  -0.0005878  -0.0003771   0.0022793
         -0.0000475   0.0039345  -0.0004083  -0.0000475  -0.0039345
         -0.0003434   0.0059609  -0.0002036   0.0003434   0.0059609
          0.0062691
          0.0000000   0.0062380
         -0.0000156   0.0000000   0.1233962
Energy
-40.87468284
-40.67187233
