 Atomic Coordinates

-0.000022255   0.000000000   -0.313944902
0.000342156   0.000000000   2.358504460
1.981342521   0.000000000   -0.802385379
-0.990748988   -1.716549166   -0.803047305
-0.990748988   1.716549166   -0.803047305
0.000078535   0.000000000   3.791063473

 Force Constants 

          0.5951974
          0.0000000   0.5945895
         -0.0012780   0.0000000   0.1014872
         -0.0105229   0.0000000   0.0002913  -0.0040719
          0.0000000  -0.0105887   0.0000000   0.0000000  -0.0040597
          0.0003484   0.0000000   0.1181074  -0.0002178   0.0000000
         -0.3376808   0.0000000   0.0669402   0.0012507   0.0000000
          0.0000000  -0.0513752   0.0000000   0.0000000   0.0004525
          0.0847785   0.0000000  -0.0368339   0.0124905   0.0000000
         -0.1228109  -0.1236327  -0.0330524   0.0006711   0.0003666
         -0.1237044  -0.2655818  -0.0575247   0.0003501   0.0010907
         -0.0420603  -0.0729917  -0.0373386  -0.0062433  -0.0108307
         -0.1228109   0.1236327  -0.0330524   0.0006711  -0.0003666
          0.1237044  -0.2655818   0.0575247  -0.0003501   0.0010907
         -0.0420603   0.0729917  -0.0373386  -0.0062433   0.0108307
         -0.0013718   0.0000000   0.0001514   0.0120019   0.0000000
          0.0000000  -0.0014619   0.0000000   0.0000000   0.0120146
          0.0002718   0.0000000  -0.1080835  -0.0000775   0.0000000
          0.1441636
         -0.0011365   0.3552514
          0.0000000   0.0000000   0.0462280
         -0.0141697  -0.0756006   0.0000000   0.0385413
          0.0005094  -0.0095659  -0.0250924  -0.0093907   0.1232390
          0.0009258   0.0034943   0.0027500  -0.0003292   0.1335921
         -0.0138622   0.0049217   0.0079711   0.0043997   0.0375595
          0.0005094  -0.0095659   0.0250924  -0.0093907   0.0089516
         -0.0009258  -0.0034943   0.0027500   0.0003292   0.0142416
         -0.0138622   0.0049217  -0.0079711   0.0043997   0.0044023
         -0.0000129   0.0003105   0.0000000  -0.0028869  -0.0004848
          0.0000000   0.0000000  -0.0008052   0.0000000   0.0005247
         -0.2203770  -0.0000464   0.0000000   0.0036630  -0.0000281
          0.2773481
          0.0651589   0.0385212
         -0.0142416   0.0044023   0.1232390
         -0.0157099   0.0082287  -0.1335921   0.2773481
         -0.0082287   0.0043722   0.0375595  -0.0651589   0.0385212
          0.0005095   0.0014201  -0.0004848  -0.0005095   0.0014201
          0.0001030   0.0024637  -0.0005247   0.0001030  -0.0024637
         -0.0000021   0.0039077  -0.0000281   0.0000021   0.0039077
         -0.0099710
          0.0000000  -0.0099535
         -0.0000917   0.0000000   0.3169821
Energy
-40.87558096
-40.67231337
