 Atomic Coordinates

-0.000022255   0.000000000   -0.313944902
0.000342156   0.000000000   2.358504460
1.981342521   0.000000000   -0.802385379
-0.990748988   -1.716549166   -0.803047305
-0.990748988   1.716549166   -0.803047305
0.000078535   0.000000000   3.791063473

 Force Constants 

          0.5949974
          0.0000000   0.5946013
         -0.0016602   0.0000000   0.1010907
         -0.0105182   0.0000000   0.0002377  -0.0039061
          0.0000000  -0.0106602   0.0000000   0.0000000  -0.0038715
          0.0003508   0.0000000   0.1182975  -0.0001464   0.0000000
         -0.3374382   0.0000000   0.0670034   0.0012409   0.0000000
          0.0000000  -0.0515962   0.0000000   0.0000000   0.0004636
          0.0848390   0.0000000  -0.0368738   0.0124976   0.0000000
         -0.1228246  -0.1233838  -0.0328725   0.0006347   0.0003422
         -0.1230642  -0.2653713  -0.0573123   0.0002906   0.0010594
         -0.0419119  -0.0727400  -0.0372283  -0.0062981  -0.0109063
         -0.1228246   0.1233838  -0.0328725   0.0006347  -0.0003422
          0.1230642  -0.2653713   0.0573123  -0.0002906   0.0010594
         -0.0419119   0.0727400  -0.0372283  -0.0062981   0.0109063
         -0.0013917   0.0000000   0.0001642   0.0119141   0.0000000
          0.0000000  -0.0016022   0.0000000   0.0000000   0.0119492
          0.0002941   0.0000000  -0.1080577   0.0000072   0.0000000
          0.1438994
         -0.0011722   0.3551990
          0.0000000   0.0000000   0.0464314
         -0.0141440  -0.0755182   0.0000000   0.0386474
          0.0004783  -0.0096714  -0.0252238  -0.0094961   0.1233821
          0.0008423   0.0034484   0.0027256  -0.0004110   0.1333270
         -0.0140066   0.0048887   0.0079186   0.0043387   0.0375783
          0.0004783  -0.0096714   0.0252238  -0.0094961   0.0089813
         -0.0008423  -0.0034484   0.0027256   0.0004110   0.0144403
         -0.0140066   0.0048887  -0.0079186   0.0043387   0.0043759
          0.0000111   0.0003411   0.0000000  -0.0028262  -0.0005021
          0.0000000   0.0000000  -0.0007501   0.0000000   0.0004982
         -0.2200396  -0.0000904   0.0000000   0.0036930  -0.0000639
          0.2773858
          0.0651653   0.0387976
         -0.0144403   0.0043759   0.1233821
         -0.0159115   0.0081957  -0.1333270   0.2773858
         -0.0081957   0.0043213   0.0375783  -0.0651653   0.0387976
          0.0004385   0.0013670  -0.0005021  -0.0004385   0.0013670
          0.0001121   0.0023666  -0.0004982   0.0001121  -0.0023666
         -0.0000884   0.0037773  -0.0000639   0.0000884   0.0037773
         -0.0098594
          0.0000000  -0.0098210
         -0.0000832   0.0000000   0.3168498
Energy
-40.87558096
-40.67231337
