 Atomic Coordinates

-0.000022255   0.000000000   -0.313944902
0.000342156   0.000000000   2.358504460
1.981342521   0.000000000   -0.802385379
-0.990748988   -1.716549166   -0.803047305
-0.990748988   1.716549166   -0.803047305
0.000078535   0.000000000   3.791063473

 Force Constants 

          0.5946216
          0.0000000   0.5952822
         -0.0053422   0.0000000   0.0999022
         -0.0104744   0.0000000   0.0006784  -0.0030487
          0.0000000  -0.0110193   0.0000000   0.0000000  -0.0029311
          0.0010704   0.0000000   0.1185580  -0.0002193   0.0000000
         -0.3372917   0.0000000   0.0679753   0.0011110   0.0000000
          0.0000000  -0.0518588   0.0000000   0.0000000   0.0004885
          0.0855936   0.0000000  -0.0363614   0.0125573   0.0000000
         -0.1227397  -0.1230934  -0.0318726   0.0004951   0.0002681
         -0.1216920  -0.2651302  -0.0565328   0.0000706   0.0009560
         -0.0411706  -0.0717819  -0.0371354  -0.0064760  -0.0111868
         -0.1227397   0.1230934  -0.0318726   0.0004951  -0.0002681
          0.1216920  -0.2651302   0.0565328  -0.0000706   0.0009560
         -0.0411706   0.0717819  -0.0371354  -0.0064760   0.0111868
         -0.0013761   0.0000000   0.0004337   0.0114219   0.0000000
          0.0000000  -0.0021437   0.0000000   0.0000000   0.0115500
          0.0010194   0.0000000  -0.1078281  -0.0000644   0.0000000
          0.1447496
         -0.0013746   0.3560083
          0.0000000   0.0000000   0.0471008
         -0.0144794  -0.0758406   0.0000000   0.0392806
          0.0002791  -0.0100781  -0.0257751  -0.0098678   0.1240472
          0.0005158   0.0031655   0.0024398  -0.0007764   0.1331753
         -0.0142966   0.0047661   0.0077457   0.0041073   0.0375260
          0.0002791  -0.0100781   0.0257751  -0.0098678   0.0088012
         -0.0005158  -0.0031655   0.0024398   0.0007764   0.0149538
         -0.0142966   0.0047661  -0.0077457   0.0041073   0.0041980
         -0.0000348   0.0003286   0.0000000  -0.0025747  -0.0005257
          0.0000000   0.0000000  -0.0006101   0.0000000   0.0004714
         -0.2202350  -0.0002923   0.0000000   0.0033457  -0.0002628
          0.2780431
          0.0652215   0.0397803
         -0.0149538   0.0041980   0.1240472
         -0.0165143   0.0080109  -0.1331753   0.2780431
         -0.0080109   0.0040539   0.0375260  -0.0652215   0.0397803
          0.0002343   0.0011565  -0.0005257  -0.0002343   0.0011565
          0.0002057   0.0019905  -0.0004714   0.0002057  -0.0019905
         -0.0004172   0.0034906  -0.0002628   0.0004172   0.0034906
         -0.0093231
          0.0000000  -0.0092075
         -0.0001373   0.0000000   0.3177362
Energy
-40.87558096
-40.67231337
