 Atomic Coordinates

-0.000114488   0.000000000   -0.352900210
0.000256048   0.000000000   2.521155453
1.997188242   0.000000000   -0.765519432
-0.998163092   -1.729266571   -0.766195266
-0.998163092   1.729266571   -0.766195266
0.000246035   0.000000000   3.982048611

 Force Constants 

          0.6068544
          0.0000000   0.6075621
          0.0004249   0.0000000   0.0738661
         -0.0089094   0.0000000   0.0000018   0.0104499
          0.0000000  -0.0088847   0.0000000   0.0000000   0.0104412
          0.0000207   0.0000000   0.0959001  -0.0000498   0.0000000
         -0.3454268   0.0000000   0.0567146   0.0001897   0.0000000
          0.0000000  -0.0533140   0.0000000   0.0000000  -0.0001488
          0.0742872   0.0000000  -0.0293722   0.0076665   0.0000000
         -0.1264334  -0.1267031  -0.0285559  -0.0000486   0.0001528
         -0.1268721  -0.2728786  -0.0494277   0.0001659   0.0001181
         -0.0373575  -0.0646887  -0.0294268  -0.0038097  -0.0066057
         -0.1264334   0.1267031  -0.0285559  -0.0000486  -0.0001528
          0.1268721  -0.2728786   0.0494277  -0.0001659   0.0001181
         -0.0373575   0.0646887  -0.0294268  -0.0038097   0.0066057
          0.0003486   0.0000000  -0.0000295  -0.0016329   0.0000000
          0.0000000   0.0003936   0.0000000   0.0000000  -0.0016439
         -0.0000177   0.0000000  -0.0815404   0.0000010   0.0000000
          0.1582549
         -0.0004782   0.3617074
          0.0000000   0.0000000   0.0466080
         -0.0114438  -0.0647677   0.0000000   0.0294219
          0.0002564  -0.0086326  -0.0248759  -0.0080293   0.1254665
          0.0004620   0.0038162   0.0035345  -0.0003681   0.1367095
         -0.0113700   0.0043885   0.0067974   0.0041347   0.0324927
          0.0002564  -0.0086326   0.0248759  -0.0080293   0.0095935
         -0.0004620  -0.0038162   0.0035345   0.0003681   0.0142758
         -0.0113700   0.0043885  -0.0067974   0.0041347   0.0037018
         -0.0000055   0.0007949   0.0000000  -0.0011274   0.0000546
          0.0000000   0.0000000  -0.0002142   0.0000000   0.0004408
         -0.2199712  -0.0002459   0.0000000   0.0031248   0.0001343
          0.2833573
          0.0562840   0.0293731
         -0.0142758   0.0037018   0.1254665
         -0.0146798   0.0072021  -0.1367095   0.2833573
         -0.0072021   0.0041337   0.0324927  -0.0562840   0.0293731
          0.0004563   0.0005843   0.0000546  -0.0004563   0.0005843
          0.0005485   0.0010110  -0.0004408   0.0005485  -0.0010110
          0.0002519   0.0031553   0.0001343  -0.0002519   0.0031553
          0.0003802
          0.0000000   0.0003675
         -0.0000061   0.0000000   0.2920763
Energy
-40.88074722
-40.68000332
