 Atomic Coordinates

-0.000114488   0.000000000   -0.352900210
0.000256048   0.000000000   2.521155453
1.997188242   0.000000000   -0.765519432
-0.998163092   -1.729266571   -0.766195266
-0.998163092   1.729266571   -0.766195266
0.000246035   0.000000000   3.982048611

 Force Constants 

          0.6069664
          0.0000000   0.6078284
         -0.0002917   0.0000000   0.0738313
         -0.0089070   0.0000000   0.0001775   0.0105610
          0.0000000  -0.0089286   0.0000000   0.0000000   0.0105568
          0.0001989   0.0000000   0.0959269  -0.0001306   0.0000000
         -0.3456512   0.0000000   0.0569561   0.0001547   0.0000000
          0.0000000  -0.0531581   0.0000000   0.0000000  -0.0001549
          0.0744812   0.0000000  -0.0291726   0.0076794   0.0000000
         -0.1263941  -0.1268895  -0.0284357  -0.0000523   0.0001570
         -0.1271300  -0.2730455  -0.0493800   0.0001601   0.0001193
         -0.0372654  -0.0646178  -0.0295083  -0.0038110  -0.0066169
         -0.1263941   0.1268895  -0.0284357  -0.0000523  -0.0001570
          0.1271300  -0.2730455   0.0493800  -0.0001601   0.0001193
         -0.0372654   0.0646178  -0.0295083  -0.0038110   0.0066169
          0.0003801   0.0000000   0.0000294  -0.0017041   0.0000000
          0.0000000   0.0003493   0.0000000   0.0000000  -0.0017120
          0.0001424   0.0000000  -0.0815689  -0.0001042   0.0000000
          0.1586055
         -0.0005019   0.3620519
          0.0000000   0.0000000   0.0466144
         -0.0115809  -0.0649750   0.0000000   0.0295204
          0.0002369  -0.0086540  -0.0249228  -0.0080396   0.1255423
          0.0004475   0.0037704   0.0034597  -0.0004020   0.1369649
         -0.0113287   0.0043858   0.0067935   0.0041218   0.0324496
          0.0002369  -0.0086540   0.0249228  -0.0080396   0.0094934
         -0.0004475  -0.0037704   0.0034597   0.0004020   0.0142314
         -0.0113287   0.0043858  -0.0067935   0.0041218   0.0036719
         -0.0000401   0.0007526   0.0000000  -0.0011063   0.0000647
          0.0000000   0.0000000  -0.0002208   0.0000000   0.0004589
         -0.2202940  -0.0002507   0.0000000   0.0029897   0.0001169
          0.2835506
          0.0562746   0.0294164
         -0.0142314   0.0036719   0.1255423
         -0.0146574   0.0071810  -0.1369649   0.2835506
         -0.0071810   0.0041029   0.0324496  -0.0562746   0.0294164
          0.0004661   0.0005691   0.0000647  -0.0004661   0.0005691
          0.0005733   0.0009857  -0.0004589   0.0005733  -0.0009857
          0.0002410   0.0031960   0.0001169  -0.0002410   0.0031960
          0.0004420
          0.0000000   0.0004369
         -0.0000212   0.0000000   0.2924813
Energy
-40.88074722
-40.68000332
