 Atomic Coordinates

-0.000114488   0.000000000   -0.352900210
0.000256048   0.000000000   2.521155453
1.997188242   0.000000000   -0.765519432
-0.998163092   -1.729266571   -0.766195266
-0.998163092   1.729266571   -0.766195266
0.000246035   0.000000000   3.982048611

 Force Constants 

          0.6068542
          0.0000000   0.6072688
          0.0015859   0.0000000   0.0741802
         -0.0089216   0.0000000  -0.0001651   0.0101918
          0.0000000  -0.0087948   0.0000000   0.0000000   0.0101606
         -0.0002290   0.0000000   0.0958341  -0.0000041   0.0000000
         -0.3453700   0.0000000   0.0563957   0.0002315   0.0000000
          0.0000000  -0.0532720   0.0000000   0.0000000  -0.0001553
          0.0740437   0.0000000  -0.0295629   0.0076490   0.0000000
         -0.1264527  -0.1267238  -0.0288608  -0.0000107   0.0001764
         -0.1271067  -0.2728726  -0.0496202   0.0002148   0.0001525
         -0.0375675  -0.0649445  -0.0294274  -0.0037626  -0.0065262
         -0.1264527   0.1267238  -0.0288608  -0.0000107  -0.0001764
          0.1271067  -0.2728726   0.0496202  -0.0002148   0.0001525
         -0.0375675   0.0649445  -0.0294274  -0.0037626   0.0065262
          0.0003429   0.0000000  -0.0000949  -0.0014803   0.0000000
          0.0000000   0.0005433   0.0000000   0.0000000  -0.0015154
         -0.0002657   0.0000000  -0.0815967   0.0000454   0.0000000
          0.1579211
         -0.0004324   0.3614046
          0.0000000   0.0000000   0.0464243
         -0.0113175  -0.0646268   0.0000000   0.0292343
          0.0003263  -0.0085360  -0.0247174  -0.0079332   0.1252718
          0.0005453   0.0038919   0.0036254  -0.0002698   0.1366641
         -0.0113113   0.0044225   0.0068446   0.0041979   0.0325153
          0.0003263  -0.0085360   0.0247174  -0.0079332   0.0096736
         -0.0005453  -0.0038919   0.0036254   0.0002698   0.0141625
         -0.0113113   0.0044225  -0.0068446   0.0041979   0.0037573
          0.0000130   0.0008060   0.0000000  -0.0011996   0.0000540
          0.0000000   0.0000000  -0.0002477   0.0000000   0.0004383
         -0.2198150  -0.0001815   0.0000000   0.0032502   0.0001950
          0.2831418
          0.0562692   0.0291113
         -0.0141625   0.0037573   0.1252718
         -0.0145575   0.0072544  -0.1366641   0.2831418
         -0.0072544   0.0042130   0.0325153  -0.0562692   0.0291113
          0.0004983   0.0006349   0.0000540  -0.0004983   0.0006349
          0.0005105   0.0011025  -0.0004383   0.0005105  -0.0011025
          0.0003298   0.0032165   0.0001950  -0.0003298   0.0032165
          0.0002234
          0.0000000   0.0001989
          0.0000117   0.0000000   0.2917284
Energy
-40.88074722
-40.68000332
