 Atomic Coordinates

-0.017382106   0.000000000   -0.330264594
-0.015985777   0.000000000   2.324028904
1.966558965   0.000000000   -0.834057946
-0.872464956   -1.807901740   -0.765128510
-0.872464956   1.807901740   -0.765128510
0.001488975   0.000000000   3.975845365

 Force Constants 

          0.5521327
          0.0000000   0.6354895
         -0.0080577   0.0000000   0.0668963
         -0.0212617   0.0000000  -0.0017653   0.0350647
          0.0000000  -0.0221634   0.0000000   0.0000000   0.0367318
         -0.0017701   0.0000000   0.1555518   0.0024496   0.0000000
         -0.3268570   0.0000000   0.0673786   0.0008545   0.0000000
          0.0000000  -0.0492907   0.0000000   0.0000000  -0.0007019
          0.0805885   0.0000000  -0.0403616   0.0127929   0.0000000
         -0.1045297  -0.1072958  -0.0271998  -0.0006070   0.0002590
         -0.1136769  -0.2840110  -0.0530853   0.0001692  -0.0003812
         -0.0356581  -0.0636604  -0.0313118  -0.0058072  -0.0115477
         -0.1045297   0.1072958  -0.0271998  -0.0006070  -0.0002590
          0.1136769  -0.2840110   0.0530853  -0.0001692  -0.0003812
         -0.0356581   0.0636604  -0.0313118  -0.0058072   0.0115477
          0.0050454   0.0000000  -0.0031559  -0.0134435   0.0000000
          0.0000000   0.0039866   0.0000000   0.0000000  -0.0131042
          0.0005555   0.0000000  -0.1194629  -0.0018627   0.0000000
         -0.0794412
         -0.0013541   0.3471806
          0.0000000   0.0000000   0.0502780
         -0.0137384  -0.0754455   0.0000000   0.0420322
          0.0004697  -0.0112166  -0.0276471  -0.0086187   0.1052459
          0.0006632   0.0022246  -0.0001284  -0.0006767   0.1226693
         -0.0195543   0.0045634   0.0075238   0.0040876   0.0296582
          0.0004697  -0.0112166   0.0276471  -0.0086187   0.0112814
         -0.0006632  -0.0022246  -0.0001284   0.0006767   0.0118577
         -0.0195543   0.0045634  -0.0075238   0.0040876   0.0057578
         -0.0002649   0.0012550   0.0000000  -0.0006985  -0.0001741
          0.0000000   0.0000000  -0.0000287   0.0000000   0.0001568
         -0.0232636   0.0002942   0.0000000   0.0038926  -0.0000672
          0.2913183
          0.0605796   0.0384458
         -0.0118577   0.0057578   0.1052459
         -0.0071778   0.0073846  -0.1226693   0.2913183
         -0.0073846   0.0023809   0.0296582  -0.0605796   0.0384458
          0.0004714   0.0014860  -0.0001741  -0.0004714   0.0014860
          0.0003801  -0.0002799  -0.0001568   0.0003801   0.0002799
         -0.0000962   0.0059518  -0.0000672   0.0000962   0.0059518
          0.0074913
          0.0000000   0.0083859
          0.0011474   0.0000000   0.1269303
Energy
-40.87760195
-40.67371927
