 Atomic Coordinates

-0.017382106   0.000000000   -0.330264594
-0.015985777   0.000000000   2.324028904
1.966558965   0.000000000   -0.834057946
-0.872464956   -1.807901740   -0.765128510
-0.872464956   1.807901740   -0.765128510
0.001488975   0.000000000   3.975845365

 Force Constants 

          0.5519855
          0.0000000   0.6353354
         -0.0080723   0.0000000   0.0665856
         -0.0212669   0.0000000  -0.0017840   0.0351323
          0.0000000  -0.0221972   0.0000000   0.0000000   0.0368316
         -0.0017673   0.0000000   0.1558808   0.0024669   0.0000000
         -0.3266344   0.0000000   0.0673209   0.0008607   0.0000000
          0.0000000  -0.0494482   0.0000000   0.0000000  -0.0006959
          0.0805149   0.0000000  -0.0403580   0.0128010   0.0000000
         -0.1045541  -0.1071141  -0.0271502  -0.0006249   0.0002488
         -0.1132705  -0.2838103  -0.0529851   0.0001408  -0.0003962
         -0.0356280  -0.0635424  -0.0312511  -0.0058275  -0.0115736
         -0.1045541   0.1071141  -0.0271502  -0.0006249  -0.0002488
          0.1132705  -0.2838103   0.0529851  -0.0001408  -0.0003962
         -0.0356280   0.0635424  -0.0312511  -0.0058275   0.0115736
          0.0050240   0.0000000  -0.0031641  -0.0134762   0.0000000
          0.0000000   0.0039305   0.0000000   0.0000000  -0.0131462
          0.0005807   0.0000000  -0.1196063  -0.0018289   0.0000000
         -0.0798874
         -0.0013695   0.3470159
          0.0000000   0.0000000   0.0503798
         -0.0137466  -0.0753140   0.0000000   0.0420785
          0.0004592  -0.0112658  -0.0276999  -0.0086677   0.1053041
          0.0006298   0.0022074  -0.0001213  -0.0007152   0.1224600
         -0.0196388   0.0045457   0.0074928   0.0040618   0.0296870
          0.0004592  -0.0112658   0.0276999  -0.0086677   0.0113268
         -0.0006298  -0.0022074  -0.0001213   0.0007152   0.0119709
         -0.0196388   0.0045457  -0.0074928   0.0040618   0.0057554
         -0.0002485   0.0012894   0.0000000  -0.0006664  -0.0001862
          0.0000000   0.0000000   0.0000069   0.0000000   0.0001342
         -0.0229691   0.0002712   0.0000000   0.0039025  -0.0000836
          0.2912335
          0.0605839   0.0385730
         -0.0119709   0.0057554   0.1053041
         -0.0072800   0.0073731  -0.1224600   0.2912335
         -0.0073731   0.0023518   0.0296870  -0.0605839   0.0385730
          0.0004333   0.0014674  -0.0001862  -0.0004333   0.0014674
          0.0003743  -0.0003338  -0.0001342   0.0003743   0.0003338
         -0.0001401   0.0059033  -0.0000836   0.0001401   0.0059033
          0.0075351
          0.0000000   0.0084601
          0.0011442   0.0000000   0.1268662
Energy
-40.87760195
-40.67371927
