 Atomic Coordinates

-0.017382106   0.000000000   -0.330264594
-0.015985777   0.000000000   2.324028904
1.966558965   0.000000000   -0.834057946
-0.872464956   -1.807901740   -0.765128510
-0.872464956   1.807901740   -0.765128510
0.001488975   0.000000000   3.975845365

 Force Constants 

          0.5518129
          0.0000000   0.6356621
         -0.0096535   0.0000000   0.0660231
         -0.0212461   0.0000000  -0.0015838   0.0355326
          0.0000000  -0.0223731   0.0000000   0.0000000   0.0372536
         -0.0014408   0.0000000   0.1560530   0.0024281   0.0000000
         -0.3265463   0.0000000   0.0677300   0.0008024   0.0000000
          0.0000000  -0.0495981   0.0000000   0.0000000  -0.0006713
          0.0808159   0.0000000  -0.0401230   0.0128170   0.0000000
         -0.1045307  -0.1069748  -0.0267154  -0.0006909   0.0002122
         -0.1126461  -0.2836923  -0.0526406   0.0000493  -0.0004467
         -0.0353122  -0.0631238  -0.0312039  -0.0058997  -0.0116901
         -0.1045307   0.1069748  -0.0267154  -0.0006909  -0.0002122
          0.1126461  -0.2836923   0.0526406  -0.0000493  -0.0004467
         -0.0353122   0.0631238  -0.0312039  -0.0058997   0.0116901
          0.0050410   0.0000000  -0.0030620  -0.0137072   0.0000000
          0.0000000   0.0036937   0.0000000   0.0000000  -0.0133158
          0.0009029   0.0000000  -0.1195454  -0.0018619   0.0000000
         -0.0795901
         -0.0014594   0.3473284
          0.0000000   0.0000000   0.0506967
         -0.0138992  -0.0754295   0.0000000   0.0423545
          0.0003717  -0.0114400  -0.0279335  -0.0088255   0.1055800
          0.0004840   0.0020745  -0.0002471  -0.0008788   0.1223771
         -0.0197698   0.0044894   0.0074174   0.0039542   0.0296651
          0.0003717  -0.0114400   0.0279335  -0.0088255   0.0112774
         -0.0004840  -0.0020745  -0.0002471   0.0008788   0.0121994
         -0.0197698   0.0044894  -0.0074174   0.0039542   0.0056752
         -0.0002712   0.0012955   0.0000000  -0.0005524  -0.0001959
          0.0000000   0.0000000   0.0000668   0.0000000   0.0001197
         -0.0230241   0.0001802   0.0000000   0.0037593  -0.0001711
          0.2915068
          0.0606112   0.0390023
         -0.0121994   0.0056752   0.1055800
         -0.0075367   0.0072899  -0.1223771   0.2915068
         -0.0072899   0.0022378   0.0296651  -0.0606112   0.0390023
          0.0003446   0.0013822  -0.0001959  -0.0003446   0.0013822
          0.0004159  -0.0005046  -0.0001197   0.0004159   0.0005046
         -0.0002860   0.0057794  -0.0001711   0.0002860   0.0057794
          0.0077625
          0.0000000   0.0087235
          0.0011211   0.0000000   0.1272514
Energy
-40.87760195
-40.67371927
