 Atomic Coordinates

0.000000000   0.017438638   -0.330426251
0.000000000   0.016229433   2.323632373
1.990610831   -0.171518775   -0.787022078
-0.910974981   -1.749373640   -0.826963976
-1.079635852   1.698465459   -0.747080181
0.000000000   -0.001607214   3.974919930

 Force Constants 

          0.5893941
         -0.0473773   0.5976085
          0.0003502   0.0038106   0.0659126
         -0.0215990   0.0006454   0.0001257   0.0361099
          0.0006605  -0.0217341   0.0021454  -0.0008879   0.0361645
          0.0002079   0.0023103   0.1558830  -0.0000321  -0.0025726
         -0.3263855   0.0226126   0.0613878   0.0000346  -0.0000813
          0.0289440  -0.0530679  -0.0027649  -0.0000116  -0.0007703
          0.0742569  -0.0005855  -0.0336659   0.0129188  -0.0009153
         -0.1078293  -0.1111800  -0.0312018  -0.0003960   0.0005815
         -0.1135333  -0.2672107  -0.0573239   0.0005793   0.0003740
         -0.0386693  -0.0683809  -0.0395225  -0.0060832  -0.0114026
         -0.1381383   0.1346910  -0.0306108  -0.0007611  -0.0001080
          0.1307200  -0.2600722   0.0506147  -0.0001629  -0.0006340
         -0.0364741   0.0630166  -0.0290307  -0.0068871   0.0109650
          0.0045579   0.0006084  -0.0000512  -0.0133885  -0.0001648
          0.0005862   0.0044765   0.0035181  -0.0001622  -0.0134001
          0.0003284  -0.0001711  -0.1195765  -0.0000421   0.0017801
         -0.0791731
         -0.0011145   0.3448001
         -0.0002683  -0.0214591   0.0480077
         -0.0179935  -0.0687052   0.0051315   0.0396435
          0.0007340  -0.0163327  -0.0281435  -0.0085915   0.1150935
          0.0009540   0.0025558   0.0004306  -0.0007965   0.1225397
         -0.0143411   0.0049234   0.0067025   0.0043797   0.0345001
          0.0002202  -0.0028404   0.0210055  -0.0095097   0.0092588
         -0.0006368  -0.0036685   0.0056277  -0.0011364   0.0157906
         -0.0209839   0.0034104  -0.0087411   0.0024351   0.0048001
         -0.0000154   0.0007239  -0.0003352  -0.0003693   0.0002058
          0.0002134   0.0000405  -0.0002279  -0.0016979   0.0004116
         -0.0233914   0.0000980  -0.0000597   0.0052011  -0.0002409
          0.2805143
          0.0651911   0.0418579
         -0.0127276   0.0043667   0.1326666
         -0.0150878   0.0078828  -0.1424466   0.2700957
         -0.0077101   0.0035081   0.0356483  -0.0566808   0.0378524
          0.0005861   0.0009622  -0.0001855  -0.0002326  -0.0004978
          0.0009796   0.0000072  -0.0004143   0.0000706  -0.0008496
         -0.0003145   0.0041179  -0.0001148  -0.0000436   0.0062190
          0.0080865
         -0.0004618   0.0081012
         -0.0000286  -0.0011913   0.1274298
Energy
-40.87755465
-40.67366103
