 Atomic Coordinates

0.000000000   0.017438638   -0.330426251
0.000000000   0.016229433   2.323632373
1.990610831   -0.171518775   -0.787022078
-0.910974981   -1.749373640   -0.826963976
-1.079635852   1.698465459   -0.747080181
0.000000000   -0.001607214   3.974919930

 Force Constants 

          0.5896157
         -0.0464897   0.5977929
          0.0010619   0.0047621   0.0664203
         -0.0215891   0.0005293   0.0000621   0.0358633
          0.0005447  -0.0217362   0.0020632  -0.0008713   0.0359322
          0.0000572   0.0021572   0.1555098  -0.0000355  -0.0025780
         -0.3266344   0.0225227   0.0612549   0.0000523  -0.0000448
          0.0287905  -0.0529835  -0.0030279   0.0000166  -0.0007434
          0.0741757  -0.0008871  -0.0337788   0.0129080  -0.0008694
         -0.1078756  -0.1116058  -0.0314272  -0.0003558   0.0006145
         -0.1140094  -0.2673857  -0.0576475   0.0006153   0.0004240
         -0.0387647  -0.0685883  -0.0395527  -0.0060505  -0.0113355
         -0.1380805   0.1345026  -0.0308520  -0.0007178  -0.0000882
          0.1306294  -0.2601898   0.0503854  -0.0001377  -0.0005971
         -0.0366957   0.0628837  -0.0291169  -0.0068268   0.0109515
          0.0045640   0.0005408  -0.0000996  -0.0132528  -0.0001551
          0.0005345   0.0045023   0.0034648  -0.0001523  -0.0132795
          0.0001656  -0.0003276  -0.1194818  -0.0000573   0.0017682
         -0.0789004
         -0.0010532   0.3448167
         -0.0002223  -0.0214973   0.0478482
         -0.0179077  -0.0687712   0.0052132   0.0394855
          0.0007814  -0.0161677  -0.0279557  -0.0084755   0.1149325
          0.0010052   0.0026082   0.0004212  -0.0007194   0.1227600
         -0.0141981   0.0049326   0.0067257   0.0044176   0.0344922
          0.0002659  -0.0027595   0.0209670  -0.0093889   0.0092378
         -0.0005779  -0.0036368   0.0057026  -0.0010621   0.0157496
         -0.0208711   0.0034770  -0.0086807   0.0025247   0.0048176
         -0.0000157   0.0006925  -0.0003211  -0.0004481   0.0002289
          0.0002157   0.0000478  -0.0002450  -0.0016752   0.0004374
         -0.0236325   0.0001600  -0.0000081   0.0052586  -0.0001884
          0.2804540
          0.0652098   0.0415624
         -0.0125839   0.0043729   0.1324919
         -0.0149080   0.0078899  -0.1423868   0.2699276
         -0.0075880   0.0035289   0.0356625  -0.0566532   0.0376417
          0.0006098   0.0010175  -0.0001720  -0.0002178  -0.0004346
          0.0009946   0.0000983  -0.0004108   0.0000646  -0.0009132
         -0.0002601   0.0042419  -0.0000604   0.0000179   0.0062926
          0.0079395
         -0.0004567   0.0079630
         -0.0000195  -0.0011903   0.1273211
Energy
-40.87755465
-40.67366103
