 Atomic Coordinates

0.000000000   0.017438638   -0.330426251
0.000000000   0.016229433   2.323632373
1.990610831   -0.171518775   -0.787022078
-0.910974981   -1.749373640   -0.826963976
-1.079635852   1.698465459   -0.747080181
0.000000000   -0.001607214   3.974919930

 Force Constants 

          0.5890774
         -0.0510283   0.5973340
         -0.0038419  -0.0004293   0.0646346
         -0.0215510   0.0011264   0.0006634   0.0371356
          0.0011205  -0.0217306   0.0026783  -0.0009590   0.0371840
          0.0010649   0.0031480   0.1562159  -0.0001371  -0.0026687
         -0.3262464   0.0235643   0.0625007  -0.0001405  -0.0001975
          0.0299092  -0.0530531  -0.0016707  -0.0001328  -0.0009204
          0.0750851   0.0005842  -0.0330777   0.0129786  -0.0010761
         -0.1077458  -0.1101922  -0.0301009  -0.0005505   0.0004644
         -0.1124704  -0.2670612  -0.0561267   0.0004472   0.0002138
         -0.0381303  -0.0676969  -0.0397538  -0.0062363  -0.0116420
         -0.1380794   0.1356895  -0.0294256  -0.0009391  -0.0002312
          0.1316717  -0.2599381   0.0517780  -0.0002900  -0.0007968
         -0.0353492   0.0637309  -0.0286570  -0.0071265   0.0110238
          0.0045453   0.0008403   0.0002042  -0.0139544  -0.0001971
          0.0007973   0.0044490   0.0037703  -0.0001916  -0.0139500
          0.0011715   0.0006631  -0.1193620  -0.0001421   0.0016846
         -0.0781814
         -0.0013459   0.3457450
         -0.0004912  -0.0217244   0.0485569
         -0.0184078  -0.0690728   0.0048420   0.0403931
          0.0005072  -0.0168267  -0.0288176  -0.0089933   0.1157525
          0.0007141   0.0022947   0.0002105  -0.0011167   0.1224154
         -0.0146040   0.0048642   0.0066749   0.0041889   0.0344444
         -0.0000236  -0.0032635   0.0211613  -0.0099357   0.0091787
         -0.0008784  -0.0039218   0.0054328  -0.0014530   0.0157688
         -0.0213645   0.0031895  -0.0090751   0.0021006   0.0046048
         -0.0000654   0.0007321  -0.0003956  -0.0000619   0.0001919
          0.0001762  -0.0000153  -0.0002267  -0.0017803   0.0003612
         -0.0236580  -0.0001357  -0.0002798   0.0048029  -0.0004621
          0.2813539
          0.0651633   0.0429479
         -0.0132156   0.0043013   0.1333016
         -0.0156928   0.0078520  -0.1429418   0.2709368
         -0.0080792   0.0033563   0.0354360  -0.0570178   0.0387110
          0.0005287   0.0007568  -0.0001983  -0.0002869  -0.0007545
          0.0009758  -0.0003513  -0.0004622   0.0000580  -0.0005825
         -0.0005548   0.0038647  -0.0003524  -0.0002808   0.0058536
          0.0086833
         -0.0004893   0.0086939
         -0.0000791  -0.0012324   0.1284988
Energy
-40.87755465
-40.67366103
