 Atomic Coordinates

0.000000000   -0.015734309   -0.330426251
0.000000000   0.217279813   2.323632373
1.990610831   0.024059619   -0.787022078
-1.003762333   -1.714507234   -0.857859321
-0.986848500   1.733331865   -0.716184836
0.000000000   -0.072666854   3.974919930

 Force Constants 

          0.6006819
          0.0084127   0.5977474
         -0.0019137   0.0053861   0.0651473
         -0.0218707  -0.0018466   0.0002396   0.0385376
         -0.0017992  -0.0225176  -0.0056000   0.0003434   0.0434875
          0.0008890   0.0185320   0.1560290  -0.0000485  -0.0194850
         -0.3373915  -0.0050674   0.0635977  -0.0000669   0.0002189
         -0.0077043  -0.0521621  -0.0005848   0.0019729  -0.0009351
          0.0771086   0.0009615  -0.0341023   0.0127011   0.0002315
         -0.1264131  -0.1241050  -0.0354810   0.0008843   0.0011304
         -0.1228209  -0.2612672  -0.0625482   0.0002042   0.0003613
         -0.0431654  -0.0746798  -0.0451460  -0.0061575  -0.0103322
         -0.1199162   0.1219745  -0.0265634  -0.0022604   0.0002783
          0.1232633  -0.2686721   0.0457644  -0.0005029  -0.0008919
         -0.0330618   0.0590826  -0.0239814  -0.0066337   0.0116280
          0.0049095   0.0006318   0.0001209  -0.0152240  -0.0001719
          0.0006484   0.0068716   0.0175825  -0.0001710  -0.0195042
          0.0001433  -0.0092824  -0.1179465  -0.0001012   0.0235576
         -0.0943631
         -0.0012855   0.3547747
          0.0008864   0.0055791   0.0467933
         -0.0177317  -0.0712120   0.0004645   0.0400796
          0.0000232  -0.0084837  -0.0243360  -0.0096396   0.1248756
          0.0010560   0.0033404   0.0029565  -0.0001460   0.1333381
         -0.0080234   0.0043436   0.0077140   0.0037518   0.0403375
          0.0004771  -0.0096323   0.0255383  -0.0085925   0.0094127
         -0.0000123  -0.0039109   0.0034259  -0.0004250   0.0137559
         -0.0276208   0.0043534  -0.0081221   0.0029506   0.0047518
         -0.0000553   0.0007997  -0.0010501  -0.0003656  -0.0002759
         -0.0009772  -0.0001601  -0.0000785  -0.0010864   0.0002165
         -0.0082901   0.0002028  -0.0003579   0.0050520   0.0000082
          0.2721058
          0.0702260   0.0441336
         -0.0147985   0.0043871   0.1219572
         -0.0151433   0.0070867  -0.1324875   0.2811212
         -0.0084480   0.0034393   0.0305787  -0.0523914   0.0367884
          0.0007367   0.0002547   0.0004391  -0.0001180   0.0000116
          0.0009869  -0.0000147  -0.0005052   0.0001603  -0.0017489
         -0.0001397   0.0018447  -0.0002870  -0.0000223   0.0084239
          0.0093515
         -0.0000286   0.0115638
          0.0000338  -0.0137553   0.1109160
Energy
-40.87799268
-40.67433514
