 Atomic Coordinates

0.000000000   -0.015734309   -0.330426251
0.000000000   0.217279813   2.323632373
1.990610831   0.024059619   -0.787022078
-1.003762333   -1.714507234   -0.857859321
-0.986848500   1.733331865   -0.716184836
0.000000000   -0.072666854   3.974919930

 Force Constants 

          0.6008615
          0.0092794   0.5979664
         -0.0013617   0.0062712   0.0656174
         -0.0218557  -0.0019611   0.0001886   0.0383286
         -0.0019114  -0.0225258  -0.0056897   0.0003578   0.0432777
          0.0007546   0.0183414   0.1556622  -0.0000505  -0.0195340
         -0.3376313  -0.0051691   0.0635260  -0.0000602   0.0002560
         -0.0078870  -0.0520912  -0.0008340   0.0020003  -0.0009061
          0.0770662   0.0006898  -0.0342120   0.0126941   0.0002717
         -0.1264564  -0.1245352  -0.0356740   0.0009099   0.0011649
         -0.1233120  -0.2614132  -0.0628359   0.0002457   0.0004067
         -0.0432345  -0.0748592  -0.0451441  -0.0061309  -0.0102769
         -0.1198415   0.1218342  -0.0267567  -0.0022138   0.0002953
          0.1232446  -0.2688126   0.0455945  -0.0004822  -0.0008615
         -0.0332387   0.0589886  -0.0240908  -0.0065842   0.0116215
          0.0049235   0.0005517   0.0000779  -0.0151089  -0.0001627
          0.0005864   0.0068763   0.0174938  -0.0001605  -0.0193910
          0.0000141  -0.0094319  -0.1178327  -0.0001170   0.0236074
         -0.0940907
         -0.0012365   0.3548424
          0.0009322   0.0055647   0.0466586
         -0.0176479  -0.0713002   0.0005473   0.0399538
          0.0000704  -0.0083456  -0.0241665  -0.0095417   0.1247652
          0.0011105   0.0033803   0.0029291  -0.0000838   0.1335831
         -0.0079234   0.0043455   0.0077358   0.0037830   0.0403303
          0.0005173  -0.0095706   0.0255139  -0.0084869   0.0093784
          0.0000457  -0.0038792   0.0035004  -0.0003575   0.0137049
         -0.0274846   0.0044125  -0.0080661   0.0030271   0.0047628
         -0.0000553   0.0007653  -0.0010253  -0.0004314  -0.0002515
         -0.0008957  -0.0001527  -0.0000908  -0.0010675   0.0002488
         -0.0085157   0.0002528  -0.0003152   0.0050959   0.0000523
          0.2720594
          0.0702432   0.0438851
         -0.0146627   0.0043858   0.1218008
         -0.0149863   0.0070924  -0.1324841   0.2810063
         -0.0083399   0.0034544   0.0305831  -0.0524045   0.0366071
          0.0007656   0.0003038   0.0004467  -0.0001039   0.0000645
          0.0010043   0.0000647  -0.0004966   0.0001537  -0.0017996
         -0.0000941   0.0019450  -0.0002426   0.0000293   0.0084867
          0.0092250
         -0.0000254   0.0114475
          0.0000405  -0.0137956   0.1108208
Energy
-40.87799268
-40.67433514
