 Atomic Coordinates

0.000000000   -0.015734309   -0.330426251
0.000000000   0.217279813   2.323632373
1.990610831   0.024059619   -0.787022078
-1.003762333   -1.714507234   -0.857859321
-0.986848500   1.733331865   -0.716184836
0.000000000   -0.072666854   3.974919930

 Force Constants 

          0.6003920
          0.0052560   0.5973840
         -0.0055171   0.0016561   0.0639886
         -0.0218465  -0.0014346   0.0007180   0.0393973
         -0.0013674  -0.0224631  -0.0051147   0.0002865   0.0443534
          0.0016340   0.0193270   0.1563299  -0.0001614  -0.0195468
         -0.3372675  -0.0042458   0.0645558  -0.0001990   0.0001001
         -0.0068580  -0.0520697   0.0004760   0.0018917  -0.0010846
          0.0778323   0.0019706  -0.0335856   0.0127469   0.0000920
         -0.1263038  -0.1231646  -0.0344593   0.0007767   0.0010074
         -0.1219363  -0.2611798  -0.0615714   0.0000747   0.0002216
         -0.0426731  -0.0740796  -0.0453298  -0.0062920  -0.0105414
         -0.1198936   0.1227517  -0.0256303  -0.0024316   0.0001717
          0.1240377  -0.2685836   0.0467233  -0.0006178  -0.0010388
         -0.0321320   0.0596805  -0.0236345  -0.0068272   0.0116669
          0.0049194   0.0008373   0.0003329  -0.0156969  -0.0001983
          0.0008680   0.0069122   0.0178308  -0.0002005  -0.0199885
          0.0008559  -0.0085546  -0.1177686  -0.0001843   0.0234440
         -0.0935675
         -0.0014939   0.3555628
          0.0006375   0.0053683   0.0472211
         -0.0180601  -0.0715239   0.0001871   0.0406925
         -0.0001835  -0.0088937  -0.0249388  -0.0100089   0.1253819
          0.0008555   0.0031247   0.0027898  -0.0004094   0.1332288
         -0.0082329   0.0042871   0.0076744   0.0035974   0.0402763
          0.0002807  -0.0099969   0.0256711  -0.0089330   0.0093486
         -0.0002517  -0.0041294   0.0032399  -0.0006852   0.0137168
         -0.0279561   0.0041706  -0.0084212   0.0026458   0.0045696
         -0.0000759   0.0007944  -0.0011343  -0.0001133  -0.0003096
         -0.0010215  -0.0002179  -0.0000965  -0.0011551   0.0001504
         -0.0085134   0.0000042  -0.0005538   0.0047100  -0.0001941
          0.2728181
          0.0702008   0.0450389
         -0.0151897   0.0043324   0.1225311
         -0.0156264   0.0070618  -0.1328455   0.2818743
         -0.0087496   0.0033063   0.0304191  -0.0526437   0.0375146
          0.0006978   0.0000693   0.0004424  -0.0001618  -0.0002001
          0.0009768  -0.0003160  -0.0005593   0.0001347  -0.0015330
         -0.0003259   0.0016200  -0.0004689  -0.0002044   0.0081239
          0.0098504
         -0.0000408   0.0120614
         -0.0000129  -0.0138052   0.1118281
Energy
-40.87799268
-40.67433514
