 Atomic Coordinates

-0.015530337   0.000000000   -0.329618369
0.218241284   0.000000000   2.325741476
1.993567732   0.000000000   -0.712419681
-0.975945501   -1.730876959   -0.831946451
-0.975945501   1.730876959   -0.831946451
-0.074852510   0.000000000   3.978429713

 Force Constants 

          0.5883439
          0.0000000   0.6097160
          0.0059736   0.0000000   0.0672881
         -0.0207704   0.0000000  -0.0059738   0.0431509
          0.0000000  -0.0239913   0.0000000   0.0000000   0.0388649
          0.0178340   0.0000000   0.1558163  -0.0192550   0.0000000
         -0.3372572   0.0000000   0.0524857  -0.0012378   0.0000000
          0.0000000  -0.0507125   0.0000000   0.0000000  -0.0021264
          0.0678759   0.0000000  -0.0232652   0.0134443   0.0000000
         -0.1183281  -0.1188072  -0.0350923  -0.0008802  -0.0008775
         -0.1211911  -0.2702075  -0.0596275   0.0007121   0.0013193
         -0.0411525  -0.0721426  -0.0410675  -0.0058978  -0.0107540
         -0.1183281   0.1188072  -0.0350923  -0.0008802   0.0008775
          0.1211911  -0.2702075   0.0596275  -0.0007121   0.0013193
         -0.0411525   0.0721426  -0.0410675  -0.0058978   0.0107540
          0.0063400   0.0000000   0.0176990  -0.0193823   0.0000000
          0.0000000   0.0054029   0.0000000   0.0000000  -0.0153859
         -0.0093786   0.0000000  -0.1177041   0.0235801   0.0000000
         -0.0959034
         -0.0001281   0.3558766
          0.0000000   0.0000000   0.0468935
         -0.0288762  -0.0603729   0.0000000   0.0366459
          0.0013301  -0.0088892  -0.0254858  -0.0095063   0.1185923
          0.0007093   0.0034552   0.0028932   0.0000393   0.1302869
         -0.0118690   0.0039264   0.0074428   0.0032902   0.0389919
          0.0013301  -0.0088892   0.0254858  -0.0095063   0.0089493
         -0.0007093  -0.0034552   0.0028932  -0.0000393   0.0136481
         -0.0118690   0.0039264  -0.0074428   0.0032902   0.0045691
         -0.0011112   0.0003969   0.0000000  -0.0019347   0.0005559
          0.0000000   0.0000000   0.0001589   0.0000000   0.0012355
         -0.0072986   0.0001625   0.0000000   0.0089151  -0.0002926
          0.2802091
          0.0669496   0.0425440
         -0.0136481   0.0045691   0.1185923
         -0.0144960   0.0080027  -0.1302869   0.2802091
         -0.0080027   0.0038658   0.0389919  -0.0669496   0.0425440
          0.0003849  -0.0004371   0.0005559  -0.0003849  -0.0004371
          0.0002819   0.0005015  -0.0012355   0.0002819  -0.0005015
         -0.0000680   0.0032366  -0.0002926   0.0000680   0.0032366
          0.0115337
          0.0000000   0.0092603
         -0.0137789   0.0000000   0.1096145
Energy
-40.87798876
-40.67435324
