 Atomic Coordinates

-0.015530337   0.000000000   -0.329618369
0.218241284   0.000000000   2.325741476
1.993567732   0.000000000   -0.712419681
-0.975945501   -1.730876959   -0.831946451
-0.975945501   1.730876959   -0.831946451
-0.074852510   0.000000000   3.978429713

 Force Constants 

          0.5881588
          0.0000000   0.6096910
          0.0057014   0.0000000   0.0669434
         -0.0207708   0.0000000  -0.0059408   0.0432724
          0.0000000  -0.0240692   0.0000000   0.0000000   0.0390049
          0.0179546   0.0000000   0.1561511  -0.0191968   0.0000000
         -0.3370099   0.0000000   0.0524807  -0.0012382   0.0000000
          0.0000000  -0.0509082   0.0000000   0.0000000  -0.0021164
          0.0678426   0.0000000  -0.0231779   0.0134457   0.0000000
         -0.1183502  -0.1185961  -0.0349950  -0.0009079  -0.0008971
         -0.1207053  -0.2700197  -0.0594858   0.0006734   0.0013105
         -0.0410971  -0.0719851  -0.0410388  -0.0059243  -0.0107913
         -0.1183502   0.1185961  -0.0349950  -0.0009079   0.0008971
          0.1207053  -0.2700197   0.0594858  -0.0006734   0.0013105
         -0.0410971   0.0719851  -0.0410388  -0.0059243   0.0107913
          0.0063223   0.0000000   0.0177488  -0.0194476   0.0000000
          0.0000000   0.0053257   0.0000000   0.0000000  -0.0154405
         -0.0093045   0.0000000  -0.1178390   0.0235405   0.0000000
         -0.0962726
         -0.0001689   0.3557213
          0.0000000   0.0000000   0.0470294
         -0.0289605  -0.0602453   0.0000000   0.0367157
          0.0013006  -0.0089546  -0.0255590  -0.0095723   0.1186717
          0.0006588   0.0034357   0.0028972  -0.0000040   0.1300474
         -0.0119369   0.0039032   0.0074082   0.0032607   0.0390196
          0.0013006  -0.0089546   0.0255590  -0.0095723   0.0089961
         -0.0006588  -0.0034357   0.0028972   0.0000040   0.0137900
         -0.0119369   0.0039032  -0.0074082   0.0032607   0.0045627
         -0.0011901   0.0004362   0.0000000  -0.0018983   0.0005450
          0.0000000   0.0000000   0.0002008   0.0000000   0.0012148
         -0.0070442   0.0001272   0.0000000   0.0089012  -0.0003156
          0.2801687
          0.0669425   0.0427050
         -0.0137900   0.0045627   0.1186717
         -0.0146375   0.0079888  -0.1300474   0.2801687
         -0.0079888   0.0038264   0.0390196  -0.0669425   0.0427050
          0.0003388  -0.0004642   0.0005450  -0.0003388  -0.0004642
          0.0002808   0.0004368  -0.0012148   0.0002808  -0.0004368
         -0.0001226   0.0031836  -0.0003156   0.0001226   0.0031836
          0.0115990
          0.0000000   0.0093523
         -0.0137320   0.0000000   0.1096147
Energy
-40.87798876
-40.67435324
