 Atomic Coordinates

-0.015530337   0.000000000   -0.329618369
0.218241284   0.000000000   2.325741476
1.993567732   0.000000000   -0.712419681
-0.975945501   -1.730876959   -0.831946451
-0.975945501   1.730876959   -0.831946451
-0.074852510   0.000000000   3.978429713

 Force Constants 

          0.5879477
          0.0000000   0.6101317
          0.0036476   0.0000000   0.0662964
         -0.0207421   0.0000000  -0.0056771   0.0437864
          0.0000000  -0.0243168   0.0000000   0.0000000   0.0395717
          0.0183169   0.0000000   0.1563444  -0.0192033   0.0000000
         -0.3369124   0.0000000   0.0530087  -0.0013225   0.0000000
          0.0000000  -0.0511108   0.0000000   0.0000000  -0.0021116
          0.0682570   0.0000000  -0.0228687   0.0134674   0.0000000
         -0.1183164  -0.1184241  -0.0344398  -0.0009935  -0.0009645
         -0.1198925  -0.2698643  -0.0590594   0.0005468   0.0012629
         -0.0406741  -0.0714326  -0.0410034  -0.0060279  -0.0109483
         -0.1183164   0.1184241  -0.0344398  -0.0009935   0.0009645
          0.1198925  -0.2698643   0.0590594  -0.0005468   0.0012629
         -0.0406741   0.0714326  -0.0410034  -0.0060279   0.0109483
          0.0063396   0.0000000   0.0179006  -0.0197348   0.0000000
          0.0000000   0.0050246   0.0000000   0.0000000  -0.0156689
         -0.0088732   0.0000000  -0.1177653   0.0234688   0.0000000
         -0.0959131
         -0.0002781   0.3561651
          0.0000000   0.0000000   0.0474342
         -0.0291660  -0.0604023   0.0000000   0.0370842
          0.0011994  -0.0091803  -0.0258662  -0.0097858   0.1190590
          0.0004993   0.0032754   0.0027523  -0.0002111   0.1299420
         -0.0120727   0.0038292   0.0073110   0.0031228   0.0389987
          0.0011994  -0.0091803   0.0258662  -0.0097858   0.0088949
         -0.0004993  -0.0032754   0.0027523   0.0002111   0.0140955
         -0.0120727   0.0038292  -0.0073110   0.0031228   0.0044549
         -0.0012342   0.0004304   0.0000000  -0.0017505   0.0005362
          0.0000000   0.0000000   0.0002837   0.0000000   0.0012173
         -0.0071198   0.0000133   0.0000000   0.0087050  -0.0004274
          0.2805146
          0.0669647   0.0432678
         -0.0140955   0.0044549   0.1190590
         -0.0150007   0.0078844  -0.1299420   0.2805146
         -0.0078844   0.0036647   0.0389987  -0.0669647   0.0432678
          0.0002238  -0.0005808   0.0005362  -0.0002238  -0.0005808
          0.0003353   0.0002209  -0.0012173   0.0003353  -0.0002209
         -0.0003091   0.0030207  -0.0004274   0.0003091   0.0030207
          0.0118923
          0.0000000   0.0096900
         -0.0137541   0.0000000   0.1101387
Energy
-40.87798876
-40.67435324
