 Atomic Coordinates

-0.000789506   0.000000000   -0.351340786
0.009087751   0.000000000   2.253117001
2.020691483   0.000000000   -0.653940826
-1.008256466   -1.751216858   -0.656754514
-1.008256466   1.751216858   -0.656754514
-0.003858251   0.000000000   3.901044472

 Force Constants 

          0.6140244
          0.0000000   0.6168719
         -0.0005388   0.0000000   0.0242299
         -0.0196988   0.0000000  -0.0002943   0.0354105
          0.0000000  -0.0199707   0.0000000   0.0000000   0.0354846
          0.0007918   0.0000000   0.1576039  -0.0009018   0.0000000
         -0.3459869   0.0000000   0.0433227  -0.0015322   0.0000000
          0.0000000  -0.0541171   0.0000000   0.0000000  -0.0011007
          0.0508780   0.0000000  -0.0182847   0.0143037   0.0000000
         -0.1269004  -0.1263879  -0.0216656  -0.0011934  -0.0002237
         -0.1264360  -0.2740951  -0.0376699  -0.0001921  -0.0013025
         -0.0254471  -0.0441906  -0.0188373  -0.0071308  -0.0123725
         -0.1269004   0.1263879  -0.0216656  -0.0011934   0.0002237
          0.1264360  -0.2740951   0.0376699   0.0001921  -0.0013025
         -0.0254471   0.0441906  -0.0188373  -0.0071308   0.0123725
          0.0054620   0.0000000   0.0008416  -0.0117928   0.0000000
          0.0000000   0.0054060   0.0000000   0.0000000  -0.0118083
         -0.0002369   0.0000000  -0.1258746   0.0011540   0.0000000
         -0.0644451
          0.0012381   0.3618913
          0.0000000   0.0000000   0.0471701
         -0.0228015  -0.0502280   0.0000000   0.0304556
         -0.0006046  -0.0073020  -0.0246570  -0.0075650   0.1255936
         -0.0011024   0.0040247   0.0044614   0.0004796   0.1364340
         -0.0221545   0.0032423   0.0067344   0.0017348   0.0252868
         -0.0006046  -0.0073020   0.0246570  -0.0075650   0.0104077
          0.0011024  -0.0040247   0.0044614  -0.0004796   0.0143080
         -0.0221545   0.0032423  -0.0067344   0.0017348   0.0042040
          0.0000811   0.0002317   0.0000000   0.0001763  -0.0006056
          0.0000000   0.0000000  -0.0008752   0.0000000   0.0005266
         -0.0260483  -0.0008175   0.0000000   0.0071608   0.0003444
          0.2840069
          0.0438523   0.0305275
         -0.0143080   0.0042040   0.1255936
         -0.0130391   0.0061895  -0.1364340   0.2840069
         -0.0061895   0.0017183   0.0252868  -0.0438523   0.0305275
          0.0004773  -0.0001553  -0.0006056  -0.0004773  -0.0001553
         -0.0000317  -0.0002131  -0.0005266  -0.0000317   0.0002131
          0.0006299   0.0070111   0.0003444  -0.0006299   0.0070111
          0.0073104
          0.0000000   0.0073411
         -0.0007884   0.0000000   0.1307397
Energy
-40.87816006
-40.67354116
