 Atomic Coordinates

-0.000789506   0.000000000   -0.351340786
0.009087751   0.000000000   2.253117001
2.020691483   0.000000000   -0.653940826
-1.008256466   -1.751216858   -0.656754514
-1.008256466   1.751216858   -0.656754514
-0.003858251   0.000000000   3.901044472

 Force Constants 

          0.6138835
          0.0000000   0.6173081
         -0.0022499   0.0000000   0.0236774
         -0.0196865   0.0000000  -0.0000802   0.0358670
          0.0000000  -0.0201589   0.0000000   0.0000000   0.0359652
          0.0010750   0.0000000   0.1577769  -0.0009423   0.0000000
         -0.3458987   0.0000000   0.0437711  -0.0016067   0.0000000
          0.0000000  -0.0543039   0.0000000   0.0000000  -0.0010950
          0.0512323   0.0000000  -0.0180025   0.0143259   0.0000000
         -0.1268830  -0.1262242  -0.0211883  -0.0012668  -0.0002582
         -0.1257170  -0.2739967  -0.0373143  -0.0003027  -0.0013542
         -0.0251002  -0.0437371  -0.0188167  -0.0072104  -0.0125022
         -0.1268830   0.1262242  -0.0211883  -0.0012668   0.0002582
          0.1257170  -0.2739967   0.0373143   0.0003027  -0.0013542
         -0.0251002   0.0437371  -0.0188167  -0.0072104   0.0125022
          0.0054677   0.0000000   0.0009356  -0.0120400   0.0000000
          0.0000000   0.0051481   0.0000000   0.0000000  -0.0120028
          0.0001429   0.0000000  -0.1258184   0.0011175   0.0000000
         -0.0641562
          0.0011815   0.3622616
          0.0000000   0.0000000   0.0475201
         -0.0229690  -0.0503704   0.0000000   0.0307458
         -0.0006913  -0.0074966  -0.0249291  -0.0077526   0.1259293
         -0.0012417   0.0038924   0.0043391   0.0002947   0.1363203
         -0.0222769   0.0031813   0.0066472   0.0016203   0.0252708
         -0.0006913  -0.0074966   0.0249291  -0.0077526   0.0103370
          0.0012417  -0.0038924   0.0043391  -0.0002947   0.0145816
         -0.0222769   0.0031813  -0.0066472   0.0016203   0.0041147
          0.0000684   0.0002370   0.0000000   0.0003175  -0.0006198
          0.0000000   0.0000000  -0.0007993   0.0000000   0.0005097
         -0.0260979  -0.0009447   0.0000000   0.0069852   0.0002467
          0.2843238
          0.0438935   0.0310158
         -0.0145816   0.0041147   0.1259293
         -0.0133256   0.0060996  -0.1363203   0.2843238
         -0.0060996   0.0015812   0.0252708  -0.0438935   0.0310158
          0.0003887  -0.0002562  -0.0006198  -0.0003887  -0.0002562
          0.0000136  -0.0004011  -0.0005097   0.0000136   0.0004011
          0.0004674   0.0068762   0.0002467  -0.0004674   0.0068762
          0.0075751
          0.0000000   0.0076269
         -0.0008091   0.0000000   0.1311787
Energy
-40.87816006
-40.67354116
