 Atomic Coordinates

0.000000000   -0.014097528   -0.330426251
0.000000000   -0.000595493   2.323632373
1.990610831   -0.002802990   -0.787022078
-0.944290459   -1.638362008   -0.764617492
-1.046320373   1.809477091   -0.809426665
0.000000000   0.000274898   3.974919930

 Force Constants 

          0.6025099
          0.1258094   0.6269585
          0.0062818   0.0672141   0.0597534
         -0.0211894   0.0001698  -0.0004795   0.0358215
          0.0001806  -0.0212536  -0.0044842  -0.0001211   0.0357719
          0.0000818  -0.0009902   0.1558489  -0.0000720   0.0001194
         -0.3383125  -0.0053049   0.0636101   0.0000947   0.0000855
         -0.0140851  -0.0510298   0.0011822   0.0006333  -0.0007426
          0.0767484  -0.0001881  -0.0337558   0.0129292   0.0003742
         -0.1531124  -0.1942047  -0.0505805  -0.0009758   0.0006950
         -0.1917867  -0.3650492  -0.0870114   0.0004649  -0.0006215
         -0.0606578  -0.1051409  -0.0239798  -0.0052768  -0.0088712
         -0.0953187   0.0722439  -0.0177399  -0.0003855  -0.0000293
          0.0785796  -0.1949793   0.0325092  -0.0003373   0.0002901
         -0.0226179   0.0389750  -0.0382211  -0.0070475   0.0126733
          0.0054231   0.0012865  -0.0010920  -0.0133656  -0.0008107
          0.0013022   0.0053535  -0.0094099  -0.0008096  -0.0134442
          0.0001637   0.0001302  -0.1196455  -0.0000534   0.0001885
         -0.0790434
         -0.0011082   0.3552761
         -0.0002313   0.0032470   0.0458964
         -0.0177874  -0.0713783  -0.0009597   0.0398653
          0.0010091  -0.0097326  -0.0197464  -0.0089603   0.1571411
          0.0015134   0.0045665   0.0006312   0.0002632   0.1980130
         -0.0192200   0.0045844   0.0077540   0.0025278   0.0540875
          0.0001137  -0.0080634   0.0290122  -0.0088351   0.0075713
         -0.0004243  -0.0028453   0.0054744   0.0000358   0.0146024
         -0.0162244   0.0040966  -0.0077891   0.0039286   0.0047119
         -0.0000244   0.0007378   0.0009389  -0.0005040  -0.0008917
          0.0000131   0.0002511  -0.0002296   0.0004747   0.0006406
         -0.0235737   0.0001953   0.0000440   0.0052215  -0.0002676
          0.3801325
          0.0928009   0.0318124
         -0.0116511   0.0041219   0.0958135
         -0.0142311   0.0077549  -0.0894378   0.2018455
         -0.0072206   0.0028924   0.0223602  -0.0398906   0.0429053
          0.0003934   0.0031408   0.0003828  -0.0005615  -0.0015033
         -0.0008619   0.0057024  -0.0001378   0.0016004   0.0032520
         -0.0003454   0.0059672  -0.0000208   0.0000150   0.0047191
          0.0077137
         -0.0012466   0.0075819
         -0.0000171  -0.0000324   0.1273115
Energy
-40.87482901
-40.67118109
