 Atomic Coordinates

-0.000789506   0.000000000   -0.351340786
0.009087751   0.000000000   2.253117001
2.020691483   0.000000000   -0.653940826
-1.008256466   -1.751216858   -0.656754514
-1.008256466   1.751216858   -0.656754514
-0.003858251   0.000000000   3.901044472

 Force Constants 

          0.6141915
          0.0000000   0.6170052
         -0.0003857   0.0000000   0.0246501
         -0.0197047   0.0000000  -0.0002910   0.0353223
          0.0000000  -0.0199403   0.0000000   0.0000000   0.0353658
          0.0007496   0.0000000   0.1572299  -0.0009267   0.0000000
         -0.3462306   0.0000000   0.0433331  -0.0015372   0.0000000
          0.0000000  -0.0539011   0.0000000   0.0000000  -0.0011047
          0.0509164   0.0000000  -0.0183321   0.0143037   0.0000000
         -0.1268754  -0.1266322  -0.0217485  -0.0011664  -0.0002094
         -0.1269575  -0.2743033  -0.0377428  -0.0001566  -0.0012821
         -0.0254990  -0.0442749  -0.0189126  -0.0071050  -0.0123439
         -0.1268754   0.1266322  -0.0217485  -0.0011664   0.0002094
          0.1269575  -0.2743033   0.0377428   0.0001566  -0.0012821
         -0.0254990   0.0442749  -0.0189126  -0.0071050   0.0123439
          0.0054946   0.0000000   0.0008405  -0.0117475   0.0000000
          0.0000000   0.0054429   0.0000000   0.0000000  -0.0117565
         -0.0002823   0.0000000  -0.1257227   0.0011239   0.0000000
         -0.0640104
          0.0012709   0.3620798
          0.0000000   0.0000000   0.0470433
         -0.0227617  -0.0503568   0.0000000   0.0304220
         -0.0005848  -0.0072479  -0.0245989  -0.0075050   0.1255433
         -0.0010543   0.0040356   0.0044353   0.0005171   0.1367232
         -0.0220578   0.0032655   0.0067615   0.0017624   0.0252538
         -0.0005848  -0.0072479   0.0245989  -0.0075050   0.0103402
          0.0010543  -0.0040356   0.0044353  -0.0005171   0.0141654
         -0.0220578   0.0032655  -0.0067615   0.0017624   0.0042180
          0.0000757   0.0001838   0.0000000   0.0001467  -0.0005937
          0.0000000   0.0000000  -0.0009081   0.0000000   0.0005520
         -0.0263421  -0.0007783   0.0000000   0.0071470   0.0003666
          0.2840792
          0.0438063   0.0303872
         -0.0141654   0.0042180   0.1255433
         -0.0129087   0.0062082  -0.1367232   0.2840792
         -0.0062082   0.0017564   0.0252538  -0.0438063   0.0303872
          0.0005206  -0.0001333  -0.0005937  -0.0005206  -0.0001333
         -0.0000204  -0.0001572  -0.0005520  -0.0000204   0.0001572
          0.0006819   0.0070643   0.0003666  -0.0006819   0.0070643
          0.0072564
          0.0000000   0.0072625
         -0.0007965   0.0000000   0.1307892
Energy
-40.87816006
-40.67354116
