 Atomic Coordinates

0.000000000   -0.014097528   -0.330426251
0.000000000   -0.000595493   2.323632373
1.990610831   -0.002802990   -0.787022078
-0.944290459   -1.638362008   -0.764617492
-1.046320373   1.809477091   -0.809426665
0.000000000   0.000274898   3.974919930

 Force Constants 

          0.6020022
          0.1211307   0.6263268
          0.0016485   0.0622462   0.0579716
         -0.0211658   0.0007563   0.0000917   0.0370206
          0.0007904  -0.0211933  -0.0038889  -0.0002110   0.0369627
          0.0009922  -0.0000982   0.1565217  -0.0001661   0.0000343
         -0.3379294  -0.0043028   0.0648001  -0.0000645  -0.0000782
         -0.0129409  -0.0510413   0.0026272   0.0004742  -0.0009328
          0.0776222   0.0012465  -0.0330538   0.0129883   0.0001738
         -0.1529796  -0.1925705  -0.0492899  -0.0011788   0.0005221
         -0.1901464  -0.3647429  -0.0856689   0.0003131  -0.0008357
         -0.0600502  -0.1042862  -0.0241228  -0.0054573  -0.0091584
         -0.0953484   0.0733847  -0.0164525  -0.0005817  -0.0001717
          0.0795297  -0.1947516   0.0337822  -0.0004807   0.0001047
         -0.0213461   0.0397860  -0.0377713  -0.0073246   0.0127391
          0.0054209   0.0016016  -0.0007979  -0.0140298  -0.0008516
          0.0016366   0.0054022  -0.0090978  -0.0008520  -0.0141056
          0.0011334   0.0011057  -0.1195455  -0.0001320   0.0001001
         -0.0784642
         -0.0013886   0.3561102
         -0.0004882   0.0030235   0.0465314
         -0.0182410  -0.0716499  -0.0013719   0.0406955
          0.0007544  -0.0103339  -0.0206077  -0.0094728   0.1578832
          0.0012660   0.0043108   0.0004961  -0.0000941   0.1975004
         -0.0196103   0.0045095   0.0076704   0.0023068   0.0540602
         -0.0001225  -0.0085478   0.0291784  -0.0093453   0.0075454
         -0.0006687  -0.0031365   0.0051828  -0.0003349   0.0146331
         -0.0166477   0.0038305  -0.0081997   0.0035054   0.0044941
         -0.0000693   0.0007654   0.0008725  -0.0001424  -0.0009364
         -0.0000452   0.0001832  -0.0002363   0.0003806   0.0005225
         -0.0235585  -0.0001016  -0.0002378   0.0047871  -0.0005460
          0.3809600
          0.0927789   0.0331215
         -0.0122645   0.0040498   0.0965676
         -0.0149554   0.0077060  -0.0899146   0.2028292
         -0.0076608   0.0027114   0.0221491  -0.0402343   0.0438967
          0.0002866   0.0028880   0.0003649  -0.0006312  -0.0018031
         -0.0009221   0.0052893  -0.0002124   0.0015904   0.0035697
         -0.0006210   0.0055933  -0.0002786  -0.0002503   0.0043055
          0.0084150
         -0.0012780   0.0082714
         -0.0000752  -0.0000966   0.1284180
Energy
-40.87482901
-40.67118109
