 Atomic Coordinates

0.000000000   -0.014097528   -0.330426251
0.000000000   -0.000595493   2.323632373
1.990610831   -0.002802990   -0.787022078
-0.944290459   -1.638362008   -0.764617492
-1.046320373   1.809477091   -0.809426665
0.000000000   0.000274898   3.974919930

 Force Constants 

          0.6023249
          0.1246898   0.6267143
          0.0056434   0.0663106   0.0592434
         -0.0212013   0.0002920  -0.0004227   0.0360606
          0.0003010  -0.0212381  -0.0044157  -0.0001402   0.0359902
          0.0002226  -0.0008433   0.1562146  -0.0000665   0.0001217
         -0.3380669  -0.0051962   0.0637160   0.0000854   0.0000502
         -0.0138663  -0.0511299   0.0014796   0.0005993  -0.0007747
          0.0768162   0.0001118  -0.0336403   0.0129362   0.0003306
         -0.1530699  -0.1936293  -0.0503854  -0.0010174   0.0006591
         -0.1911600  -0.3648574  -0.0867401   0.0004294  -0.0006735
         -0.0606004  -0.1049649  -0.0239288  -0.0053091  -0.0089309
         -0.0954031   0.0724696  -0.0175047  -0.0004278  -0.0000506
          0.0786409  -0.1948470   0.0327205  -0.0003620   0.0002580
         -0.0223963   0.0391058  -0.0381436  -0.0071016   0.0126890
          0.0054163   0.0013741  -0.0010466  -0.0134994  -0.0008195
          0.0013945   0.0053582  -0.0093549  -0.0008184  -0.0135620
          0.0003143   0.0002800  -0.1197453  -0.0000363   0.0002054
         -0.0793226
         -0.0011615   0.3552306
         -0.0002819   0.0032616   0.0460482
         -0.0178675  -0.0712991  -0.0010518   0.0400061
          0.0009600  -0.0098818  -0.0199433  -0.0090687   0.1572678
          0.0014623   0.0045356   0.0006860   0.0001982   0.1976566
         -0.0193738   0.0045757   0.0077228   0.0024909   0.0541233
          0.0000691  -0.0081368   0.0290240  -0.0089553   0.0076185
         -0.0004725  -0.0028933   0.0053878  -0.0000415   0.0146662
         -0.0163184   0.0040327  -0.0078615   0.0038397   0.0046927
         -0.0000238   0.0007695   0.0009247  -0.0004294  -0.0009171
          0.0000137   0.0002421  -0.0002173   0.0004528   0.0005907
         -0.0233323   0.0001362  -0.0000071   0.0051711  -0.0003219
          0.3801483
          0.0928123   0.0320977
         -0.0118135   0.0041205   0.0959751
         -0.0144101   0.0077446  -0.0894757   0.2020084
         -0.0073294   0.0028663   0.0223372  -0.0399176   0.0431033
          0.0003519   0.0030900   0.0003741  -0.0005761  -0.0015647
         -0.0008933   0.0056162  -0.0001538   0.0016030   0.0033137
         -0.0004033   0.0058477  -0.0000669  -0.0000334   0.0046528
          0.0078566
         -0.0012551   0.0077114
         -0.0000255  -0.0000415   0.1274060
Energy
-40.87482901
-40.67118109
