 Atomic Coordinates

0.000000000   0.019904649   -0.330426251
0.000000000   0.077383370   2.323632373
1.990610831   -0.040191118   -0.787022078
-0.990833707   -1.756360572   -0.598896945
-0.999777125   1.691478526   -0.975147212
0.000000000   -0.209504568   3.974919930

 Force Constants 

          0.5977718
         -0.0033988   0.5853872
         -0.0035707  -0.0492441   0.0720142
         -0.0226669   0.0003279   0.0002462   0.0381356
          0.0002921  -0.0230106  -0.0220134   0.0000861   0.0399771
          0.0004815   0.0004079   0.1573088  -0.0000730   0.0086660
         -0.3370544   0.0084182   0.0633597   0.0001138   0.0000088
          0.0105491  -0.0520852   0.0023203   0.0014158  -0.0006690
          0.0766452   0.0004245  -0.0351518   0.0130371   0.0010147
         -0.1203805  -0.1210286  -0.0178189  -0.0002872   0.0001154
         -0.1220434  -0.2700540  -0.0271874  -0.0006109  -0.0012697
         -0.0232128  -0.0386598  -0.0228479  -0.0069852  -0.0107255
         -0.1224733   0.1161238  -0.0426045  -0.0007523  -0.0006443
          0.1149944  -0.2448603   0.0750219  -0.0013507   0.0012366
         -0.0501383   0.0864229  -0.0529939  -0.0062408   0.0114299
          0.0048033  -0.0004425   0.0003883  -0.0145429   0.0001419
         -0.0003933   0.0046228   0.0211027   0.0001318  -0.0162644
         -0.0002050   0.0006486  -0.1183295   0.0000157   0.0116283
         -0.0975373
         -0.0012096   0.3541333
         -0.0022572  -0.0093207   0.0467185
         -0.0176180  -0.0711398  -0.0008097   0.0406289
          0.0004068  -0.0092513  -0.0260488  -0.0066593   0.1205461
         -0.0019864   0.0040066   0.0039787   0.0002196   0.1315114
         -0.0226898   0.0039877   0.0079058   0.0024835   0.0206177
          0.0004533  -0.0086510   0.0237229  -0.0113531   0.0098061
         -0.0026427  -0.0030582   0.0024178   0.0001733   0.0149357
         -0.0122943   0.0047157  -0.0077885   0.0045089   0.0034048
         -0.0000590   0.0007096  -0.0003183  -0.0005303  -0.0004332
         -0.0021876  -0.0000548  -0.0003608  -0.0010224   0.0005151
         -0.0071695   0.0002862   0.0006293   0.0051484   0.0000489
          0.2817485
          0.0338866   0.0328013
         -0.0135106   0.0058715   0.1214447
         -0.0146418   0.0095483  -0.1253367   0.2552682
         -0.0058783   0.0033254   0.0478764  -0.0829493   0.0545453
          0.0006469  -0.0002790   0.0006258  -0.0001844   0.0003821
          0.0002382  -0.0019554  -0.0003551   0.0005794  -0.0012366
          0.0009459   0.0069274  -0.0002437   0.0008486   0.0029085
          0.0088373
          0.0001564   0.0111847
          0.0000979  -0.0147007   0.1105147
Energy
-40.87886729
-40.67512002
