 Atomic Coordinates

0.000000000   0.019904649   -0.330426251
0.000000000   0.077383370   2.323632373
1.990610831   -0.040191118   -0.787022078
-0.990833707   -1.756360572   -0.598896945
-0.999777125   1.691478526   -0.975147212
0.000000000   -0.209504568   3.974919930

 Force Constants 

          0.5974008
         -0.0057525   0.5850452
         -0.0057273  -0.0516129   0.0711040
         -0.0226636   0.0006191   0.0004913   0.0387506
          0.0005759  -0.0229956  -0.0218028   0.0000470   0.0405942
          0.0008843   0.0008060   0.1578499  -0.0000897   0.0087884
         -0.3367114   0.0088503   0.0638574   0.0000476  -0.0000757
          0.0111101  -0.0521772   0.0029785   0.0013634  -0.0007597
          0.0770115   0.0011580  -0.0348305   0.0130643   0.0009116
         -0.1202890  -0.1201586  -0.0172237  -0.0003772   0.0000404
         -0.1210907  -0.2697830  -0.0265212  -0.0007143  -0.0013997
         -0.0229235  -0.0382878  -0.0229044  -0.0070775  -0.0108743
         -0.1225296   0.1167099  -0.0419402  -0.0008722  -0.0007084
          0.1154417  -0.2446969   0.0756701  -0.0014300   0.0011512
         -0.0495144   0.0868006  -0.0527977  -0.0063845   0.0114664
          0.0047927  -0.0002683   0.0005425  -0.0148853   0.0001208
         -0.0002845   0.0046075   0.0212884   0.0001147  -0.0165904
          0.0002694   0.0011361  -0.1184212  -0.0000040   0.0115108
         -0.0975972
         -0.0013384   0.3544023
         -0.0023834  -0.0093790   0.0470805
         -0.0178407  -0.0711755  -0.0010292   0.0410456
          0.0002934  -0.0095840  -0.0265040  -0.0069150   0.1209176
         -0.0021268   0.0038828   0.0039654   0.0000406   0.1311770
         -0.0229112   0.0039642   0.0078880   0.0023810   0.0206191
          0.0003354  -0.0088983   0.0237784  -0.0116421   0.0098173
         -0.0027721  -0.0032013   0.0022384  -0.0000182   0.0149753
         -0.0125278   0.0045704  -0.0079645   0.0042908   0.0033101
         -0.0000850   0.0007438  -0.0003688  -0.0003432  -0.0004848
         -0.0023120  -0.0000772  -0.0003475  -0.0010628   0.0004699
         -0.0069730   0.0001219   0.0005106   0.0049538  -0.0000838
          0.2820685
          0.0339186   0.0334760
         -0.0138455   0.0058316   0.1218519
         -0.0150339   0.0095235  -0.1255621   0.2557337
         -0.0061117   0.0032426   0.0477893  -0.0831264   0.0550854
          0.0005906  -0.0004139   0.0006309  -0.0002237   0.0002291
          0.0001828  -0.0021680  -0.0003723   0.0006074  -0.0010644
          0.0008005   0.0067160  -0.0003738   0.0007232   0.0027068
          0.0092027
          0.0001493   0.0115402
          0.0000704  -0.0146812   0.1110175
Energy
-40.87886729
-40.67512002
