 Atomic Coordinates

0.000000000   0.019904649   -0.330426251
0.000000000   0.077383370   2.323632373
1.990610831   -0.040191118   -0.787022078
-0.990833707   -1.756360572   -0.598896945
-0.999777125   1.691478526   -0.975147212
0.000000000   -0.209504568   3.974919930

 Force Constants 

          0.5976011
         -0.0039348   0.5852050
         -0.0037473  -0.0496100   0.0716861
         -0.0226851   0.0003879   0.0002429   0.0382520
          0.0003453  -0.0230055  -0.0220375   0.0000788   0.0400933
          0.0005317   0.0004592   0.1576599  -0.0000584   0.0087856
         -0.3368132   0.0084048   0.0633293   0.0001206  -0.0000109
          0.0106256  -0.0521816   0.0024423   0.0014013  -0.0006823
          0.0766115   0.0005771  -0.0351111   0.0130399   0.0009891
         -0.1203354  -0.1206813  -0.0177340  -0.0003017   0.0000985
         -0.1216375  -0.2698725  -0.0270583  -0.0006391  -0.0013078
         -0.0231872  -0.0386057  -0.0227899  -0.0069997  -0.0107590
         -0.1225574   0.1162181  -0.0424992  -0.0007779  -0.0006479
          0.1149775  -0.2447657   0.0751144  -0.0013559   0.0012221
         -0.0500574   0.0864564  -0.0529711  -0.0062667   0.0114400
          0.0047900  -0.0003948   0.0004083  -0.0146079   0.0001362
         -0.0003761   0.0046203   0.0211491   0.0001269  -0.0163198
         -0.0001514   0.0007230  -0.1184739   0.0000421   0.0115818
         -0.0979515
         -0.0012368   0.3539792
         -0.0022851  -0.0092633   0.0468126
         -0.0176547  -0.0710165  -0.0008599   0.0406899
          0.0003841  -0.0093529  -0.0261563  -0.0067182   0.1205988
         -0.0020224   0.0040003   0.0040416   0.0001874   0.1312561
         -0.0227997   0.0039898   0.0078967   0.0024684   0.0206415
          0.0004328  -0.0086778   0.0237201  -0.0114251   0.0098496
         -0.0026699  -0.0030751   0.0023590   0.0001373   0.0149847
         -0.0123529   0.0046772  -0.0078062   0.0044654   0.0034062
         -0.0000535   0.0007442  -0.0003274  -0.0004916  -0.0004583
         -0.0022673  -0.0000558  -0.0003494  -0.0010310   0.0004982
         -0.0069011   0.0002570   0.0006122   0.0051421   0.0000204
          0.2816713
          0.0339275   0.0329515
         -0.0136041   0.0058646   0.1215425
         -0.0147413   0.0095376  -0.1253372   0.2553348
         -0.0059428   0.0033171   0.0478908  -0.0829502   0.0546658
          0.0006244  -0.0003090   0.0006210  -0.0001940   0.0003500
          0.0002087  -0.0019972  -0.0003489   0.0005910  -0.0011972
          0.0009086   0.0068526  -0.0002639   0.0008308   0.0028756
          0.0089110
          0.0001556   0.0112492
          0.0000957  -0.0146565   0.1105047
Energy
-40.87886729
-40.67512002
