 Atomic Coordinates

0.020562489   0.000000000   -0.330311477
0.073985379   0.000000000   2.325298460
1.959976413   0.000000000   -1.009550130
-1.034122623   -1.719631106   -0.677212773
-1.034122623   1.719631106   -0.677212773
-0.210750106   0.000000000   3.974793132

 Force Constants 

          0.5882386
          0.0000000   0.5931235
         -0.0474114   0.0000000   0.0722178
         -0.0231796   0.0000000  -0.0222525   0.0396671
          0.0000000  -0.0222689   0.0000000   0.0000000   0.0380745
         -0.0003626   0.0000000   0.1569689   0.0089271   0.0000000
         -0.3083911   0.0000000   0.0895042   0.0018248   0.0000000
          0.0000000  -0.0533412   0.0000000   0.0000000  -0.0011581
          0.1032773   0.0000000  -0.0566454   0.0128708   0.0000000
         -0.1307884  -0.1292614  -0.0202698  -0.0009819  -0.0009911
         -0.1275422  -0.2608156  -0.0407991   0.0002233  -0.0001411
         -0.0283422  -0.0511086  -0.0272350  -0.0055062  -0.0116744
         -0.1307884   0.1292614  -0.0202698  -0.0009819   0.0009911
          0.1275422  -0.2608156   0.0407991  -0.0002233  -0.0001411
         -0.0283422   0.0511086  -0.0272350  -0.0055062   0.0116744
          0.0049087   0.0000000   0.0206992  -0.0163483   0.0000000
          0.0000000   0.0041178   0.0000000   0.0000000  -0.0143653
          0.0011811   0.0000000  -0.1180713   0.0114670   0.0000000
         -0.0959649
         -0.0026039   0.3242794
          0.0000000   0.0000000   0.0463701
         -0.0111575  -0.0994027   0.0000000   0.0574577
         -0.0020327  -0.0092732  -0.0237670  -0.0077650   0.1311085
          0.0009339   0.0037159   0.0037939  -0.0001181   0.1381873
         -0.0206239   0.0058187   0.0101397   0.0040027   0.0252885
         -0.0020327  -0.0092732   0.0237670  -0.0077650   0.0101601
         -0.0009339  -0.0037159   0.0037939   0.0001181   0.0151004
         -0.0206239   0.0058187  -0.0101397   0.0040027   0.0040552
         -0.0018952   0.0008333   0.0000000  -0.0012152  -0.0002251
          0.0000000   0.0000000   0.0005414   0.0000000   0.0007319
         -0.0085987   0.0008651   0.0000000   0.0023398   0.0007237
          0.2725025
          0.0463691   0.0351616
         -0.0151004   0.0040552   0.1311085
         -0.0156764   0.0063140  -0.1381873   0.2725025
         -0.0063140   0.0024007   0.0252885  -0.0463691   0.0351616
          0.0005161  -0.0013141  -0.0002251  -0.0005161  -0.0013141
          0.0003367  -0.0000397  -0.0007319   0.0003367   0.0000397
         -0.0000718   0.0062939   0.0007237   0.0000718   0.0062939
          0.0110564
          0.0000000   0.0090327
         -0.0149607   0.0000000   0.1117424
Energy
-40.87887077
-40.67513503
