 Atomic Coordinates

0.020562489   0.000000000   -0.330311477
0.073985379   0.000000000   2.325298460
1.959976413   0.000000000   -1.009550130
-1.034122623   -1.719631106   -0.677212773
-1.034122623   1.719631106   -0.677212773
-0.210750106   0.000000000   3.974793132

 Force Constants 

          0.5880039
          0.0000000   0.5933613
         -0.0495013   0.0000000   0.0713200
         -0.0231783   0.0000000  -0.0220508   0.0402763
          0.0000000  -0.0225531   0.0000000   0.0000000   0.0387348
          0.0000181   0.0000000   0.1575043   0.0090514   0.0000000
         -0.3081126   0.0000000   0.0899912   0.0017510   0.0000000
          0.0000000  -0.0537211   0.0000000   0.0000000  -0.0011296
          0.1036216   0.0000000  -0.0563447   0.0129125   0.0000000
         -0.1307903  -0.1288359  -0.0196501  -0.0010919  -0.0010776
         -0.1262009  -0.2604434  -0.0402952   0.0000653  -0.0002100
         -0.0278969  -0.0504908  -0.0271589  -0.0056322  -0.0118586
         -0.1307903   0.1288359  -0.0196501  -0.0010919   0.0010776
          0.1262009  -0.2604434   0.0402952  -0.0000653  -0.0002100
         -0.0278969   0.0504908  -0.0271589  -0.0056322   0.0118586
          0.0048676   0.0000000   0.0208612  -0.0166652   0.0000000
          0.0000000   0.0037996   0.0000000   0.0000000  -0.0146320
          0.0016554   0.0000000  -0.1181618   0.0113512   0.0000000
         -0.0960313
         -0.0027253   0.3245985
          0.0000000   0.0000000   0.0468707
         -0.0113854  -0.0994941   0.0000000   0.0578977
         -0.0021628  -0.0095608  -0.0241292  -0.0080142   0.1315409
          0.0007219   0.0035450   0.0036490  -0.0003691   0.1377855
         -0.0208433   0.0057404   0.0100113   0.0038435   0.0252784
         -0.0021628  -0.0095608   0.0241292  -0.0080142   0.0101505
         -0.0007219  -0.0035450   0.0036490   0.0003691   0.0155603
         -0.0208433   0.0057404  -0.0100113   0.0038435   0.0039551
         -0.0020186   0.0008848   0.0000000  -0.0010117  -0.0002484
          0.0000000   0.0000000   0.0006821   0.0000000   0.0006968
         -0.0084011   0.0007476   0.0000000   0.0021455   0.0005936
          0.2728147
          0.0464488   0.0358575
         -0.0155603   0.0039551   0.1315409
         -0.0161684   0.0061934  -0.1377855   0.2728147
         -0.0061934   0.0022093   0.0252784  -0.0464488   0.0358575
          0.0003654  -0.0014448  -0.0002484  -0.0003654  -0.0014448
          0.0003582  -0.0003040  -0.0006968   0.0003582   0.0003040
         -0.0003131   0.0060919   0.0005936   0.0003131   0.0060919
          0.0114094
          0.0000000   0.0094340
         -0.0149413   0.0000000   0.1122335
Energy
