 Atomic Coordinates

0.014100051   0.000000000   -0.330570508
0.000649773   0.000000000   2.323723095
1.874313357   0.000000000   -0.760458157
-1.021426106   -1.773665985   -0.799696454
-1.021426106   1.773665985   -0.799696454
-0.000132519   0.000000000   3.975333082

 Force Constants 

          0.7559699
          0.0000000   0.4793528
         -0.0764643   0.0000000   0.0580984
         -0.0210354   0.0000000   0.0054172   0.0358680
          0.0000000  -0.0215953   0.0000000   0.0000000   0.0362016
          0.0014777   0.0000000   0.1563061  -0.0001971   0.0000000
         -0.5070171   0.0000000   0.1087871  -0.0003510   0.0000000
          0.0000000  -0.0362400   0.0000000   0.0000000  -0.0014214
          0.1308522   0.0000000  -0.0210206   0.0097576   0.0000000
         -0.1173560  -0.1052147  -0.0242521  -0.0000373   0.0006967
         -0.0956557  -0.2126283  -0.0401607   0.0001680  -0.0002571
         -0.0280548  -0.0496212  -0.0368011  -0.0073376  -0.0119286
         -0.1173560   0.1052147  -0.0242521  -0.0000373  -0.0006967
          0.0956557  -0.2126283   0.0401607  -0.0001680  -0.0002571
         -0.0280548   0.0496212  -0.0368011  -0.0073376   0.0119286
          0.0067946   0.0000000   0.0107642  -0.0144071   0.0000000
          0.0000000   0.0037390   0.0000000   0.0000000  -0.0126708
          0.0002441   0.0000000  -0.1197817  -0.0003026   0.0000000
         -0.0795645
         -0.0020384   0.5238900
          0.0000000   0.0000000   0.0402471
         -0.0197550  -0.1149961   0.0000000   0.0298970
          0.0004107  -0.0078793  -0.0215100  -0.0089614   0.1099357
          0.0004323   0.0032552  -0.0006225  -0.0003730   0.1084144
         -0.0169205   0.0039327   0.0077995   0.0024966   0.0284519
          0.0004107  -0.0078793   0.0215100  -0.0089614   0.0143595
         -0.0004323  -0.0032552  -0.0006225   0.0003730   0.0165649
         -0.0169205   0.0039327  -0.0077995   0.0024966   0.0045171
         -0.0000635  -0.0007634   0.0000000  -0.0076910   0.0009773
          0.0000000   0.0000000  -0.0013407   0.0000000   0.0010489
         -0.0231456   0.0003821   0.0000000   0.0058854  -0.0001663
          0.2294259
          0.0477960   0.0422575
         -0.0165649   0.0045171   0.1099357
         -0.0164902   0.0075305  -0.1084144   0.2294259
         -0.0075305   0.0040318   0.0284519  -0.0477960   0.0422575
          0.0003830  -0.0015093   0.0009773  -0.0003830  -0.0015093
          0.0005721  -0.0015761  -0.0010489   0.0005721   0.0015761
         -0.0001641   0.0049357  -0.0001663   0.0001641   0.0049357
          0.0064212
          0.0000000   0.0091282
          0.0000090   0.0000000   0.1271704
Energy
-40.87448177
-40.67084808
