 Atomic Coordinates

0.014100051   0.000000000   -0.330570508
0.000649773   0.000000000   2.323723095
1.874313357   0.000000000   -0.760458157
-1.021426106   -1.773665985   -0.799696454
-1.021426106   1.773665985   -0.799696454
-0.000132519   0.000000000   3.975333082

 Force Constants 

          0.7556684
          0.0000000   0.4800197
         -0.0799186   0.0000000   0.0570924
         -0.0210158   0.0000000   0.0058474   0.0367078
          0.0000000  -0.0219404   0.0000000   0.0000000   0.0371305
          0.0021307   0.0000000   0.1565631  -0.0002610   0.0000000
         -0.5068592   0.0000000   0.1097153  -0.0004826   0.0000000
          0.0000000  -0.0365044   0.0000000   0.0000000  -0.0013918
          0.1315464   0.0000000  -0.0205396   0.0098009   0.0000000
         -0.1172836  -0.1049699  -0.0233109  -0.0001704   0.0006169
         -0.0943639  -0.2124000  -0.0394438  -0.0000218  -0.0003748
         -0.0273565  -0.0487244  -0.0367482  -0.0075023  -0.0121890
         -0.1172836   0.1049699  -0.0233109  -0.0001704  -0.0006169
          0.0943639  -0.2124000   0.0394438   0.0000218  -0.0003748
         -0.0273565   0.0487244  -0.0367482  -0.0075023   0.0121890
          0.0067738   0.0000000   0.0109778  -0.0148685   0.0000000
          0.0000000   0.0032252   0.0000000   0.0000000  -0.0130486
          0.0009546   0.0000000  -0.1196195  -0.0003826   0.0000000
         -0.0788178
         -0.0022300   0.5246559
          0.0000000   0.0000000   0.0409226
         -0.0200768  -0.1152830   0.0000000   0.0305192
          0.0002322  -0.0082785  -0.0220257  -0.0093099   0.1105459
          0.0001426   0.0029683  -0.0009072  -0.0007199   0.1082788
         -0.0171677   0.0038110   0.0076312   0.0022744   0.0283976
          0.0002322  -0.0082785   0.0220257  -0.0093099   0.0142130
         -0.0001426  -0.0029683  -0.0009072   0.0007199   0.0170605
         -0.0171677   0.0038110  -0.0076312   0.0022744   0.0043513
         -0.0001040  -0.0007570   0.0000000  -0.0074445   0.0009736
          0.0000000   0.0000000  -0.0012120   0.0000000   0.0010394
         -0.0233332   0.0001757   0.0000000   0.0055484  -0.0003603
          0.2300640
          0.0478576   0.0431906
         -0.0170605   0.0043513   0.1105459
         -0.0170528   0.0073612  -0.1082788   0.2300640
         -0.0073612   0.0037756   0.0283976  -0.0478576   0.0431906
          0.0001991  -0.0017010   0.0009736  -0.0001991  -0.0017010
          0.0006708  -0.0019366  -0.0010394   0.0006708   0.0019366
         -0.0004754   0.0046752  -0.0003603   0.0004754   0.0046752
          0.0069044
          0.0000000   0.0096939
         -0.0000272   0.0000000   0.1280540
Energy
-40.87448177
-40.67084808
