 Atomic Coordinates

0.014100051   0.000000000   -0.330570508
0.000649773   0.000000000   2.323723095
1.874313357   0.000000000   -0.760458157
-1.021426106   -1.773665985   -0.799696454
-1.021426106   1.773665985   -0.799696454
-0.000132519   0.000000000   3.975333082

 Force Constants 

          0.7562392
          0.0000000   0.4793854
         -0.0760113   0.0000000   0.0585541
         -0.0210143   0.0000000   0.0053818   0.0356797
          0.0000000  -0.0215170   0.0000000   0.0000000   0.0359796
          0.0013730   0.0000000   0.1559436  -0.0002090   0.0000000
         -0.5073596   0.0000000   0.1088000  -0.0003536   0.0000000
          0.0000000  -0.0360672   0.0000000   0.0000000  -0.0014277
          0.1308988   0.0000000  -0.0211144   0.0097480   0.0000000
         -0.1173498  -0.1054170  -0.0244500  -0.0000026   0.0007158
         -0.0962335  -0.2128308  -0.0403563   0.0002189  -0.0002279
         -0.0281891  -0.0498500  -0.0368531  -0.0072982  -0.0118681
         -0.1173498   0.1054170  -0.0244500  -0.0000026  -0.0007158
          0.0962335  -0.2128308   0.0403563  -0.0002189  -0.0002279
         -0.0281891   0.0498500  -0.0368531  -0.0072982   0.0118681
          0.0068342   0.0000000   0.0107294  -0.0143067   0.0000000
          0.0000000   0.0038605   0.0000000   0.0000000  -0.0125790
          0.0001178   0.0000000  -0.1196771  -0.0003243   0.0000000
         -0.0792418
         -0.0019886   0.5240813
          0.0000000   0.0000000   0.0400581
         -0.0196816  -0.1151861   0.0000000   0.0297801
          0.0004451  -0.0077747  -0.0213914  -0.0088529   0.1098057
          0.0005052   0.0033047  -0.0005862  -0.0002918   0.1086431
         -0.0168094   0.0039665   0.0078484   0.0025458   0.0284388
          0.0004451  -0.0077747   0.0213914  -0.0088529   0.0143290
         -0.0005052  -0.0033047  -0.0005862   0.0002918   0.0163794
         -0.0168094   0.0039665  -0.0078484   0.0025458   0.0045433
         -0.0000656  -0.0008186   0.0000000  -0.0077549   0.0009924
          0.0000000   0.0000000  -0.0013907   0.0000000   0.0010702
         -0.0234014   0.0004417   0.0000000   0.0059244  -0.0001244
          0.2293812
          0.0477852   0.0420036
         -0.0163794   0.0045433   0.1098057
         -0.0162998   0.0075613  -0.1086431   0.2293812
         -0.0075613   0.0040904   0.0284388  -0.0477852   0.0420036
          0.0004462  -0.0014612   0.0009924  -0.0004462  -0.0014612
          0.0005636  -0.0014767  -0.0010702   0.0005636   0.0014767
         -0.0000810   0.0050227  -0.0001244   0.0000810   0.0050227
          0.0063063
          0.0000000   0.0089820
          0.0000135   0.0000000   0.1271088
Energy
-40.87448177
-40.67084808
