 Atomic Coordinates

0.000172950   0.000000000   -0.326067976
0.000179334   0.000000000   2.326887998
2.076730457   0.000000000   -0.803747791
-1.039543044   -1.801090476   -0.804776829
-1.039543044   1.801090476   -0.804776829
0.000115415   0.000000000   3.971964628

 Force Constants 

          0.4955015
          0.0000000   0.4926874
         -0.0016507   0.0000000   0.0877192
         -0.0231751   0.0000000   0.0001610   0.0355277
          0.0000000  -0.0232352   0.0000000   0.0000000   0.0355452
          0.0002111   0.0000000   0.1520385  -0.0000598   0.0000000
         -0.2569946   0.0000000   0.0431814   0.0000442   0.0000000
          0.0000000  -0.0591124   0.0000000   0.0000000  -0.0004069
          0.0543071   0.0000000  -0.0403719   0.0139914   0.0000000
         -0.1080367  -0.0845292  -0.0209432  -0.0002867   0.0002018
         -0.0842927  -0.2054559  -0.0364731   0.0001714  -0.0000571
         -0.0265121  -0.0460170  -0.0406436  -0.0070381  -0.0121815
         -0.1080367   0.0845292  -0.0209432  -0.0002867  -0.0002018
          0.0842927  -0.2054559   0.0364731  -0.0001714  -0.0000571
         -0.0265121   0.0460170  -0.0406436  -0.0070381   0.0121815
          0.0007415   0.0000000   0.0001948  -0.0118234   0.0000000
          0.0000000   0.0005721   0.0000000   0.0000000  -0.0117889
          0.0001566   0.0000000  -0.1180985  -0.0000164   0.0000000
         -0.0765720
         -0.0007171   0.2726852
          0.0000000   0.0000000   0.0499350
         -0.0162575  -0.0518281   0.0000000   0.0431056
          0.0002932  -0.0084292  -0.0260703  -0.0093269   0.1049389
          0.0005078   0.0030871   0.0047042  -0.0001136   0.0953036
         -0.0161453   0.0046237   0.0079621   0.0044827   0.0255382
          0.0002932  -0.0084292   0.0260703  -0.0093269   0.0114022
         -0.0005078  -0.0030871   0.0047042   0.0001136   0.0146604
         -0.0161453   0.0046237  -0.0079621   0.0044827   0.0045577
         -0.0000206   0.0011237   0.0000000   0.0021833   0.0004115
          0.0000000   0.0000000   0.0001759   0.0000000   0.0004337
         -0.0269183   0.0001164   0.0000000   0.0045584  -0.0001190
          0.2149285
          0.0442596   0.0432391
         -0.0146604   0.0045577   0.1049389
         -0.0150445   0.0079920  -0.0953036   0.2149285
         -0.0079920   0.0044875   0.0255382  -0.0442596   0.0432391
          0.0003910  -0.0011694   0.0004115  -0.0003910  -0.0011694
          0.0009248  -0.0020152  -0.0004337   0.0009248   0.0020152
         -0.0001887   0.0045796  -0.0001190   0.0001887   0.0045796
          0.0091352
          0.0000000   0.0091912
         -0.0000185   0.0000000   0.1312992
Energy
-40.87549317
-40.67087350
