 Atomic Coordinates

0.000172950   0.000000000   -0.326067976
0.000179334   0.000000000   2.326887998
2.076730457   0.000000000   -0.803747791
-1.039543044   -1.801090476   -0.804776829
-1.039543044   1.801090476   -0.804776829
0.000115415   0.000000000   3.971964628

 Force Constants 

          0.4952555
          0.0000000   0.4930414
         -0.0038783   0.0000000   0.0870242
         -0.0231361   0.0000000   0.0004346   0.0360436
          0.0000000  -0.0234518   0.0000000   0.0000000   0.0361121
          0.0006303   0.0000000   0.1522681  -0.0001065   0.0000000
         -0.2568991   0.0000000   0.0437454  -0.0000268   0.0000000
          0.0000000  -0.0592772   0.0000000   0.0000000  -0.0003827
          0.0547488   0.0000000  -0.0400825   0.0140203   0.0000000
         -0.1079815  -0.0843338  -0.0203210  -0.0003857   0.0001465
         -0.0834259  -0.2052812  -0.0359911   0.0000258  -0.0001289
         -0.0260759  -0.0454488  -0.0405885  -0.0071384  -0.0123393
         -0.1079815   0.0843338  -0.0203210  -0.0003857  -0.0001465
          0.0834259  -0.2052812   0.0359911  -0.0000258  -0.0001289
         -0.0260759   0.0454488  -0.0405885  -0.0071384   0.0123393
          0.0007427   0.0000000   0.0003403  -0.0121093   0.0000000
          0.0000000   0.0002500   0.0000000   0.0000000  -0.0120198
          0.0006511   0.0000000  -0.1180328  -0.0000715   0.0000000
         -0.0761337
         -0.0008281   0.2731533
          0.0000000   0.0000000   0.0503347
         -0.0164679  -0.0520112   0.0000000   0.0434679
          0.0001750  -0.0086709  -0.0263984  -0.0095468   0.1053324
          0.0003024   0.0029035   0.0045349  -0.0003370   0.0951954
         -0.0163240   0.0045468   0.0078573   0.0043490   0.0255107
          0.0001750  -0.0086709   0.0263984  -0.0095468   0.0113017
         -0.0003024  -0.0029035   0.0045349   0.0003370   0.0149690
         -0.0163240   0.0045468  -0.0078573   0.0043490   0.0044530
         -0.0000456   0.0011145   0.0000000   0.0023358   0.0004041
          0.0000000   0.0000000   0.0002555   0.0000000   0.0004213
         -0.0270185   0.0000003   0.0000000   0.0043845  -0.0002708
          0.2153308
          0.0442961   0.0438143
         -0.0149690   0.0044530   0.1053324
         -0.0154384   0.0078801  -0.0951954   0.2153308
         -0.0078801   0.0043288   0.0255107  -0.0442961   0.0438143
          0.0002702  -0.0012961   0.0004041  -0.0002702  -0.0012961
          0.0009829  -0.0022455  -0.0004213   0.0009829   0.0022455
         -0.0003905   0.0044204  -0.0002708   0.0003905   0.0044204
          0.0094439
          0.0000000   0.0095485
         -0.0000382   0.0000000   0.1318261
Energy
-40.87549317
-40.67087350
