 Atomic Coordinates

0.000172950   0.000000000   -0.326067976
0.000179334   0.000000000   2.326887998
2.076730457   0.000000000   -0.803747791
-1.039543044   -1.801090476   -0.804776829
-1.039543044   1.801090476   -0.804776829
0.000115415   0.000000000   3.971964628

 Force Constants 

          0.4956416
          0.0000000   0.4927215
         -0.0014169   0.0000000   0.0880526
         -0.0231510   0.0000000   0.0001779   0.0354057
          0.0000000  -0.0231903   0.0000000   0.0000000   0.0354109
          0.0001734   0.0000000   0.1517069  -0.0000818   0.0000000
         -0.2571831   0.0000000   0.0431560   0.0000446   0.0000000
          0.0000000  -0.0589436   0.0000000   0.0000000  -0.0004106
          0.0542962   0.0000000  -0.0404033   0.0139902   0.0000000
         -0.1080226  -0.0847192  -0.0210427  -0.0002720   0.0002137
         -0.0847288  -0.2056166  -0.0365914   0.0001978  -0.0000401
         -0.0265826  -0.0461578  -0.0406935  -0.0070178  -0.0121490
         -0.1080226   0.0847192  -0.0210427  -0.0002720  -0.0002137
          0.0847288  -0.2056166   0.0365914  -0.0001978  -0.0000401
         -0.0265826   0.0461578  -0.0406935  -0.0070178   0.0121490
          0.0007377   0.0000000   0.0001683  -0.0117552   0.0000000
          0.0000000   0.0006456   0.0000000   0.0000000  -0.0117298
          0.0001126   0.0000000  -0.1179692  -0.0000506   0.0000000
         -0.0761670
         -0.0006890   0.2727676
          0.0000000   0.0000000   0.0498101
         -0.0162271  -0.0519023   0.0000000   0.0430418
          0.0003127  -0.0083653  -0.0259990  -0.0092636   0.1048667
          0.0005527   0.0031084   0.0047031  -0.0000681   0.0955144
         -0.0160563   0.0046434   0.0079933   0.0045157   0.0255194
          0.0003127  -0.0083653   0.0259990  -0.0092636   0.0113639
         -0.0005527  -0.0031084   0.0047031   0.0000681   0.0145334
         -0.0160563   0.0046434  -0.0079933   0.0045157   0.0045698
         -0.0000279   0.0011015   0.0000000   0.0021431   0.0004294
          0.0000000   0.0000000   0.0001378   0.0000000   0.0004566
         -0.0272001   0.0001484   0.0000000   0.0045571  -0.0000956
          0.2149494
          0.0442541   0.0430721
         -0.0145334   0.0045698   0.1048667
         -0.0149223   0.0080064  -0.0955144   0.2149494
         -0.0080064   0.0045209   0.0255194  -0.0442541   0.0430721
          0.0004415  -0.0011322   0.0004294  -0.0004415  -0.0011322
          0.0009265  -0.0019468  -0.0004566   0.0009265   0.0019468
         -0.0001409   0.0046412  -0.0000956   0.0001409   0.0046412
          0.0090572
          0.0000000   0.0090935
         -0.0000191   0.0000000   0.1313299
Energy
-40.87549317
-40.67087350
