 Atomic Coordinates

0.000022255   0.000000000   -0.346907600
-0.000342156   0.000000000   2.288760286
1.999879142   0.000000000   -0.771658778
-0.999861845   -1.731289932   -0.770996852
-0.999861845   1.731289932   -0.770996852
-0.000078535   0.000000000   4.158776386

 Force Constants 

          0.6075881
          0.0000000   0.6084405
         -0.0003498   0.0000000   0.0490555
         -0.0291771   0.0000000   0.0000233   0.0490363
          0.0000000  -0.0291987   0.0000000   0.0000000   0.0490326
         -0.0000015   0.0000000   0.1722756   0.0000167   0.0000000
         -0.3379909   0.0000000   0.0600871  -0.0001284   0.0000000
          0.0000000  -0.0525462   0.0000000   0.0000000  -0.0009976
          0.0691211   0.0000000  -0.0323610   0.0160054   0.0000000
         -0.1241092  -0.1239826  -0.0298729  -0.0007717   0.0003947
         -0.1241428  -0.2672183  -0.0518980   0.0003858  -0.0003223
         -0.0344198  -0.0597497  -0.0322928  -0.0079995  -0.0138524
         -0.1241092   0.1239826  -0.0298729  -0.0007717  -0.0003947
          0.1241428  -0.2672183   0.0518980  -0.0003858  -0.0003223
         -0.0344198   0.0597497  -0.0322928  -0.0079995   0.0138524
          0.0077982   0.0000000  -0.0000147  -0.0181874   0.0000000
          0.0000000   0.0077410   0.0000000   0.0000000  -0.0181916
          0.0000696   0.0000000  -0.1243846  -0.0000464   0.0000000
         -0.1868104
         -0.0009056   0.3546380
          0.0000000   0.0000000   0.0466118
         -0.0207710  -0.0673814   0.0000000   0.0414443
          0.0004392  -0.0084053  -0.0247920  -0.0088164   0.1238197
          0.0007818   0.0036746   0.0036869   0.0005881   0.1338758
         -0.0207967   0.0038875   0.0079551   0.0025566   0.0335623
          0.0004392  -0.0084053   0.0247920  -0.0088164   0.0096914
         -0.0007818  -0.0036746   0.0036869  -0.0005881   0.0141498
         -0.0207967   0.0038875  -0.0079551   0.0025566   0.0049081
          0.0000119   0.0002919   0.0000000  -0.0001124  -0.0002249
          0.0000000   0.0000000  -0.0004417   0.0000000   0.0003544
          0.0768993   0.0004250   0.0000000   0.0065745  -0.0002204
          0.2780981
          0.0582124   0.0413435
         -0.0141498   0.0049081   0.1238197
         -0.0144190   0.0073179  -0.1338758   0.2780981
         -0.0073179   0.0025552   0.0335623  -0.0582124   0.0413435
          0.0003564   0.0000613  -0.0002249  -0.0003564   0.0000613
          0.0001747   0.0001168  -0.0003544   0.0001747  -0.0001168
         -0.0003665   0.0066342  -0.0002204   0.0003665   0.0066342
          0.0105471
          0.0000000   0.0105430
         -0.0000075   0.0000000   0.0276425
Energy
-40.87775995
-40.67410835
