 Atomic Coordinates

0.000022255   0.000000000   -0.346907600
-0.000342156   0.000000000   2.288760286
1.999879142   0.000000000   -0.771658778
-0.999861845   -1.731289932   -0.770996852
-0.999861845   1.731289932   -0.770996852
-0.000078535   0.000000000   4.158776386

 Force Constants 

          0.6072492
          0.0000000   0.6085513
         -0.0019335   0.0000000   0.0482433
         -0.0291864   0.0000000   0.0001924   0.0495221
          0.0000000  -0.0293741   0.0000000   0.0000000   0.0495522
          0.0003684   0.0000000   0.1729729  -0.0000050   0.0000000
         -0.3376717   0.0000000   0.0604982  -0.0001764   0.0000000
          0.0000000  -0.0528702   0.0000000   0.0000000  -0.0009976
          0.0693549   0.0000000  -0.0320590   0.0160110   0.0000000
         -0.1240983  -0.1236165  -0.0294376  -0.0008504   0.0003616
         -0.1230060  -0.2669083  -0.0514918   0.0002801  -0.0003796
         -0.0341176  -0.0592790  -0.0322410  -0.0080667  -0.0139630
         -0.1240983   0.1236165  -0.0294376  -0.0008504  -0.0003616
          0.1230060  -0.2669083   0.0514918  -0.0002801  -0.0003796
         -0.0341176   0.0592790  -0.0322410  -0.0080667   0.0139630
          0.0078054   0.0000000   0.0001181  -0.0184586   0.0000000
          0.0000000   0.0075097   0.0000000   0.0000000  -0.0184213
          0.0004454   0.0000000  -0.1246753  -0.0000650   0.0000000
         -0.1872018
         -0.0010280   0.3547756
          0.0000000   0.0000000   0.0469889
         -0.0209993  -0.0673673   0.0000000   0.0417408
          0.0003425  -0.0086304  -0.0250545  -0.0090155   0.1241224
          0.0006095   0.0035223   0.0036096   0.0004018   0.1334907
         -0.0209906   0.0038053   0.0078505   0.0024381   0.0335892
          0.0003425  -0.0086304   0.0250545  -0.0090155   0.0097060
         -0.0006095  -0.0035223   0.0036096  -0.0004018   0.0145089
         -0.0209906   0.0038053  -0.0078505   0.0024381   0.0048393
         -0.0000204   0.0003333   0.0000000   0.0000324  -0.0002493
          0.0000000   0.0000000  -0.0003404   0.0000000   0.0003097
          0.0772093   0.0002867   0.0000000   0.0064413  -0.0003180
          0.2782826
          0.0582569   0.0418793
         -0.0145089   0.0048393   0.1241224
         -0.0148031   0.0072302  -0.1334907   0.2782826
         -0.0072302   0.0024063   0.0335892  -0.0582569   0.0418793
          0.0002218  -0.0000495  -0.0002493  -0.0002218  -0.0000495
          0.0001987  -0.0000955  -0.0003097   0.0001987   0.0000955
         -0.0005462   0.0065079  -0.0003180   0.0005462   0.0065079
          0.0108185
          0.0000000   0.0108545
         -0.0000311   0.0000000   0.0280088
Energy
-40.87775995
-40.67410835
