 Atomic Coordinates

0.000022255   0.000000000   -0.346907600
-0.000342156   0.000000000   2.288760286
1.999879142   0.000000000   -0.771658778
-0.999861845   -1.731289932   -0.770996852
-0.999861845   1.731289932   -0.770996852
-0.000078535   0.000000000   4.158776386

 Force Constants 

          0.6074420
          0.0000000   0.6082916
         -0.0004096   0.0000000   0.0487137
         -0.0292077   0.0000000   0.0000125   0.0491528
          0.0000000  -0.0292273   0.0000000   0.0000000   0.0491522
          0.0000622   0.0000000   0.1727661   0.0000280   0.0000000
         -0.3377634   0.0000000   0.0600523  -0.0001201   0.0000000
          0.0000000  -0.0527325   0.0000000   0.0000000  -0.0010025
          0.0690555   0.0000000  -0.0322707   0.0159992   0.0000000
         -0.1241361  -0.1237625  -0.0298394  -0.0007834   0.0003911
         -0.1236989  -0.2670235  -0.0518233   0.0003682  -0.0003334
         -0.0344153  -0.0596695  -0.0322682  -0.0080030  -0.0138634
         -0.1241361   0.1237625  -0.0298394  -0.0007834  -0.0003911
          0.1236989  -0.2670235   0.0518233  -0.0003682  -0.0003334
         -0.0344153   0.0596695  -0.0322682  -0.0080030   0.0138634
          0.0078014   0.0000000   0.0000237  -0.0182582   0.0000000
          0.0000000   0.0077152   0.0000000   0.0000000  -0.0182556
          0.0001225   0.0000000  -0.1246726  -0.0000335   0.0000000
         -0.1874113
         -0.0009379   0.3544489
          0.0000000   0.0000000   0.0467086
         -0.0208455  -0.0672485   0.0000000   0.0414812
          0.0004238  -0.0084468  -0.0248318  -0.0088636   0.1238498
          0.0007451   0.0036698   0.0037149   0.0005565   0.1336153
         -0.0208727   0.0038695   0.0079276   0.0025346   0.0336044
          0.0004238  -0.0084468   0.0248318  -0.0088636   0.0097597
         -0.0007451  -0.0036698   0.0037149  -0.0005565   0.0142646
         -0.0208727   0.0038695  -0.0079276   0.0025346   0.0049092
          0.0000001   0.0003284   0.0000000  -0.0000789  -0.0002433
          0.0000000   0.0000000  -0.0004034   0.0000000   0.0003232
          0.0772362   0.0003950   0.0000000   0.0065658  -0.0002344
          0.2780102
          0.0582355   0.0414728
         -0.0142646   0.0049092   0.1238498
         -0.0145273   0.0073110  -0.1336153   0.2780102
         -0.0073110   0.0025196   0.0336044  -0.0582355   0.0414728
          0.0003102   0.0000352  -0.0002433  -0.0003102   0.0000352
          0.0001591   0.0000588  -0.0003232   0.0001591  -0.0000588
         -0.0004028   0.0066139  -0.0002344   0.0004028   0.0066139
          0.0106149
          0.0000000   0.0106256
         -0.0000153   0.0000000   0.0276428
Energy
-40.87775995
-40.67410835
