 Atomic Coordinates

0.000114488   0.000000000   -0.307952292
-0.000256048   0.000000000   2.126109292
1.984033421   0.000000000   -0.808524725
-0.992447740   -1.718572528   -0.807848891
-0.992447740   1.718572528   -0.807848891
-0.000246035   0.000000000   3.967791248

 Force Constants 

          0.5967101
          0.0000000   0.5961115
         -0.0009181   0.0000000   0.1561195
         -0.0335921   0.0000000   0.0000830   0.0417187
          0.0000000  -0.0336127   0.0000000   0.0000000   0.0417155
          0.0000302   0.0000000   0.0946876  -0.0000193   0.0000000
         -0.3287723   0.0000000   0.0698009   0.0007846   0.0000000
          0.0000000  -0.0507769   0.0000000   0.0000000  -0.0005958
          0.0773215   0.0000000  -0.0440188   0.0219625   0.0000000
         -0.1202511  -0.1202217  -0.0345123  -0.0002438   0.0006094
         -0.1202965  -0.2588989  -0.0599765   0.0005990   0.0004535
         -0.0382646  -0.0664582  -0.0439972  -0.0109859  -0.0190295
         -0.1202511   0.1202217  -0.0345123  -0.0002438  -0.0006094
          0.1202965  -0.2588989   0.0599765  -0.0005990   0.0004535
         -0.0382646   0.0664582  -0.0439972  -0.0109859   0.0190295
          0.0061567   0.0000000   0.0000588  -0.0084235   0.0000000
          0.0000000   0.0060759   0.0000000   0.0000000  -0.0084139
          0.0000955   0.0000000  -0.1187938  -0.0000545   0.0000000
         -0.0913314
         -0.0015152   0.3466943
          0.0000000   0.0000000   0.0462115
         -0.0188451  -0.0776834   0.0000000   0.0513642
          0.0007401  -0.0093002  -0.0249315  -0.0100841   0.1212420
          0.0012884   0.0033838   0.0030160   0.0007259   0.1300651
         -0.0188635   0.0043698   0.0091126   0.0028241   0.0385464
          0.0007401  -0.0093002   0.0249315  -0.0100841   0.0091930
         -0.0012884  -0.0033838   0.0030160  -0.0007259   0.0141091
         -0.0188635   0.0043698  -0.0091126   0.0028241   0.0056539
          0.0000240  -0.0001062   0.0000000  -0.0014326  -0.0006398
          0.0000000   0.0000000  -0.0008708   0.0000000   0.0003697
          0.0532159   0.0006580   0.0000000   0.0058515  -0.0003442
          0.2711118
          0.0668601   0.0513026
         -0.0141091   0.0056539   0.1212420
         -0.0154530   0.0083125  -0.1300651   0.2711118
         -0.0083125   0.0028223   0.0385464  -0.0668601   0.0513026
          0.0003577   0.0006803  -0.0006398  -0.0003577   0.0006803
         -0.0002293   0.0012026  -0.0003697  -0.0002293  -0.0012026
         -0.0005854   0.0059118  -0.0003442   0.0005854   0.0059118
          0.0036527
          0.0000000   0.0036675
         -0.0000107   0.0000000   0.0479029
Energy
-40.88256894
-40.67652008
