 Atomic Coordinates

0.000114488   0.000000000   -0.307952292
-0.000256048   0.000000000   2.126109292
1.984033421   0.000000000   -0.808524725
-0.992447740   -1.718572528   -0.807848891
-0.992447740   1.718572528   -0.807848891
-0.000246035   0.000000000   3.967791248

 Force Constants 

          0.5965009
          0.0000000   0.5960061
         -0.0013409   0.0000000   0.1558147
         -0.0335992   0.0000000   0.0000786   0.0419089
          0.0000000  -0.0336568   0.0000000   0.0000000   0.0419166
          0.0001682   0.0000000   0.0950179   0.0000172   0.0000000
         -0.3285238   0.0000000   0.0698124   0.0007776   0.0000000
          0.0000000  -0.0509568   0.0000000   0.0000000  -0.0006012
          0.0773294   0.0000000  -0.0439094   0.0219565   0.0000000
         -0.1202662  -0.1199916  -0.0343503  -0.0002763   0.0005970
         -0.1197180  -0.2586802  -0.0597866   0.0005663   0.0004265
         -0.0381884  -0.0662552  -0.0439957  -0.0110038  -0.0190591
         -0.1202662   0.1199916  -0.0343503  -0.0002763  -0.0005970
          0.1197180  -0.2586802   0.0597866  -0.0005663   0.0004265
         -0.0381884   0.0662552  -0.0439957  -0.0110038   0.0190591
          0.0061545   0.0000000   0.0001505  -0.0085347   0.0000000
          0.0000000   0.0059679   0.0000000   0.0000000  -0.0085116
          0.0002200   0.0000000  -0.1189318  -0.0000445   0.0000000
         -0.0916649
         -0.0015566   0.3465784
          0.0000000   0.0000000   0.0463747
         -0.0189241  -0.0775769   0.0000000   0.0514620
          0.0006947  -0.0093779  -0.0250355  -0.0101688   0.1213479
          0.0012142   0.0033559   0.0029991   0.0006535   0.1298025
         -0.0189293   0.0043522   0.0090656   0.0027817   0.0385685
          0.0006947  -0.0093779   0.0250355  -0.0101688   0.0092274
         -0.0012142  -0.0033559   0.0029991  -0.0006535   0.0142878
         -0.0189293   0.0043522  -0.0090656   0.0027817   0.0056386
         -0.0000184  -0.0000764   0.0000000  -0.0013714  -0.0006549
          0.0000000   0.0000000  -0.0008148   0.0000000   0.0003397
          0.0534296   0.0006166   0.0000000   0.0058081  -0.0003827
          0.2711214
          0.0668602   0.0515125
         -0.0142878   0.0056386   0.1213479
         -0.0156416   0.0082833  -0.1298025   0.2711214
         -0.0082833   0.0027700   0.0385685  -0.0668602   0.0515125
          0.0002811   0.0006330  -0.0006549  -0.0002811   0.0006330
         -0.0002252   0.0011052  -0.0003397  -0.0002252  -0.0011052
         -0.0006580   0.0058608  -0.0003827   0.0006580   0.0058608
          0.0037663
          0.0000000   0.0038089
         -0.0000267   0.0000000   0.0479726
Energy
-40.88256894
-40.67652008
