 Atomic Coordinates

0.000114488   0.000000000   -0.307952292
-0.000256048   0.000000000   2.126109292
1.984033421   0.000000000   -0.808524725
-0.992447740   -1.718572528   -0.807848891
-0.992447740   1.718572528   -0.807848891
-0.000246035   0.000000000   3.967791248

 Force Constants 

          0.5962001
          0.0000000   0.5964952
         -0.0041907   0.0000000   0.1549445
         -0.0335712   0.0000000   0.0004610   0.0425862
          0.0000000  -0.0338852   0.0000000   0.0000000   0.0426534
          0.0007490   0.0000000   0.0952602  -0.0000510   0.0000000
         -0.3284066   0.0000000   0.0705682   0.0006667   0.0000000
          0.0000000  -0.0511788   0.0000000   0.0000000  -0.0006011
          0.0779004   0.0000000  -0.0435126   0.0219726   0.0000000
         -0.1201974  -0.1197515  -0.0335975  -0.0003940   0.0005324
         -0.1186917  -0.2584862  -0.0592112   0.0003994   0.0003147
         -0.0376267  -0.0655387  -0.0439423  -0.0111322  -0.0192587
         -0.1201974   0.1197515  -0.0335975  -0.0003940  -0.0005324
          0.1186917  -0.2584862   0.0592112  -0.0003994   0.0003147
         -0.0376267   0.0655387  -0.0439423  -0.0111322   0.0192587
          0.0061725   0.0000000   0.0003566  -0.0088936   0.0000000
          0.0000000   0.0055413   0.0000000   0.0000000  -0.0087967
          0.0007948   0.0000000  -0.1188076  -0.0001182   0.0000000
         -0.0910641
         -0.0017184   0.3471949
          0.0000000   0.0000000   0.0468847
         -0.0191952  -0.0778115   0.0000000   0.0519433
          0.0005421  -0.0096893  -0.0254464  -0.0104459   0.1218455
          0.0009730   0.0031373   0.0027973   0.0003931   0.1296820
         -0.0191368   0.0042524   0.0089375   0.0026099   0.0385273
          0.0005421  -0.0096893   0.0254464  -0.0104459   0.0091042
         -0.0009730  -0.0031373   0.0027973  -0.0003931   0.0146617
         -0.0191368   0.0042524  -0.0089375   0.0026099   0.0055072
         -0.0000637  -0.0000764   0.0000000  -0.0011697  -0.0006690
          0.0000000   0.0000000  -0.0006995   0.0000000   0.0003218
          0.0532726   0.0004569   0.0000000   0.0055446  -0.0005331
          0.2715959
          0.0668906   0.0522441
         -0.0146617   0.0055072   0.1218455
         -0.0160807   0.0081531  -0.1296820   0.2715959
         -0.0081531   0.0025662   0.0385273  -0.0668906   0.0522441
          0.0001346   0.0004720  -0.0006690  -0.0001346   0.0004720
         -0.0001410   0.0008162  -0.0003218  -0.0001410  -0.0008162
         -0.0008925   0.0056588  -0.0005331   0.0008925   0.0056588
          0.0041357
          0.0000000   0.0042367
         -0.0000672   0.0000000   0.0486728
Energy
-40.88256894
-40.67652008
