 Atomic Coordinates

0.017382106   0.000000000   -0.330587908
0.015985777   0.000000000   2.323235841
2.014662698   0.000000000   -0.739986211
-1.118145876   -1.639937359   -0.808915647
-1.118145876   1.639937359   -0.808915647
-0.001488975   0.000000000   3.973994494

 Force Constants 

          0.6435438
          0.0000000   0.5442659
          0.0026879   0.0000000   0.0659910
         -0.0221931   0.0000000   0.0021443   0.0367596
          0.0000000  -0.0211780   0.0000000   0.0000000   0.0349558
          0.0022417   0.0000000   0.1554689  -0.0025724   0.0000000
         -0.3482907   0.0000000   0.0589472  -0.0006841   0.0000000
          0.0000000  -0.0538087   0.0000000   0.0000000  -0.0007764
          0.0728365   0.0000000  -0.0282561   0.0128981   0.0000000
         -0.1385283  -0.1313517  -0.0336913  -0.0003953   0.0005288
         -0.1267223  -0.2370655  -0.0533798   0.0005143   0.0001806
         -0.0387231  -0.0653640  -0.0368536  -0.0071001  -0.0107948
         -0.1385283   0.1313517  -0.0336913  -0.0003953  -0.0005288
          0.1267223  -0.2370655   0.0533798  -0.0005143   0.0001806
         -0.0387231   0.0653640  -0.0368536  -0.0071001   0.0107948
          0.0039965   0.0000000   0.0036033  -0.0130918   0.0000000
          0.0000000   0.0048519   0.0000000   0.0000000  -0.0133627
         -0.0003198   0.0000000  -0.1194966   0.0017304   0.0000000
         -0.0783994
         -0.0005624   0.3622050
          0.0000000   0.0000000   0.0427368
         -0.0213526  -0.0668345   0.0000000   0.0373240
          0.0003458  -0.0066881  -0.0217857  -0.0091488   0.1385167
          0.0011334   0.0045662   0.0061373   0.0009151   0.1365319
         -0.0158626   0.0042222   0.0082929   0.0029526   0.0393863
          0.0003458  -0.0066881   0.0217857  -0.0091488   0.0068233
         -0.0011334  -0.0045662   0.0061373  -0.0009151   0.0152977
         -0.0158626   0.0042222  -0.0082929   0.0029526   0.0032289
          0.0002015   0.0001459   0.0000000  -0.0006024   0.0002716
          0.0000000   0.0000000  -0.0004262   0.0000000   0.0007790
         -0.0239917   0.0000053   0.0000000   0.0063795  -0.0001209
          0.2543056
          0.0591489   0.0405270
         -0.0152977   0.0032289   0.1385167
         -0.0242762   0.0075691  -0.1365319   0.2543056
         -0.0075691   0.0045192   0.0393863  -0.0591489   0.0405270
          0.0004076  -0.0010142   0.0002716  -0.0004076  -0.0010142
          0.0007182   0.0011479  -0.0007790   0.0007182  -0.0011479
         -0.0002486   0.0047176  -0.0001209   0.0002486   0.0047176
          0.0084062
          0.0000000   0.0075006
         -0.0011740   0.0000000   0.1276736
Energy
-40.87751766
-40.67361428
