 Atomic Coordinates

0.017382106   0.000000000   -0.330587908
0.015985777   0.000000000   2.323235841
2.014662698   0.000000000   -0.739986211
-1.118145876   -1.639937359   -0.808915647
-1.118145876   1.639937359   -0.808915647
-0.001488975   0.000000000   3.973994494

 Force Constants 

          0.6433366
          0.0000000   0.5443730
          0.0018175   0.0000000   0.0654397
         -0.0221974   0.0000000   0.0022422   0.0370252
          0.0000000  -0.0212829   0.0000000   0.0000000   0.0352600
          0.0024208   0.0000000   0.1558514  -0.0025701   0.0000000
         -0.3480348   0.0000000   0.0591124  -0.0007089   0.0000000
          0.0000000  -0.0540782   0.0000000   0.0000000  -0.0007729
          0.0729430   0.0000000  -0.0281168   0.0129117   0.0000000
         -0.1385352  -0.1310549  -0.0334135  -0.0004444   0.0005026
         -0.1259418  -0.2368502  -0.0531259   0.0004370   0.0001442
         -0.0385251  -0.0650597  -0.0367963  -0.0071616  -0.0108782
         -0.1385352   0.1310549  -0.0334135  -0.0004444  -0.0005026
          0.1259418  -0.2368502   0.0531259  -0.0004370   0.0001442
         -0.0385251   0.0650597  -0.0367963  -0.0071616   0.0108782
          0.0039660   0.0000000   0.0036550  -0.0132302   0.0000000
          0.0000000   0.0046887   0.0000000   0.0000000  -0.0134925
         -0.0001312   0.0000000  -0.1195816   0.0017395   0.0000000
         -0.0786312
         -0.0006344   0.3622092
          0.0000000   0.0000000   0.0429948
         -0.0214625  -0.0667720   0.0000000   0.0375011
          0.0002917  -0.0068240  -0.0219599  -0.0092833   0.1387043
          0.0010300   0.0045041   0.0061060   0.0008112   0.1362212
         -0.0159971   0.0041809   0.0082285   0.0028841   0.0394021
          0.0002917  -0.0068240   0.0219599  -0.0092833   0.0068423
         -0.0010300  -0.0045041   0.0061060  -0.0008112   0.0155428
         -0.0159971   0.0041809  -0.0082285   0.0028841   0.0031861
          0.0002002   0.0001825   0.0000000  -0.0005160   0.0002570
          0.0000000   0.0000000  -0.0003556   0.0000000   0.0007481
         -0.0237636  -0.0000677   0.0000000   0.0063101  -0.0001831
          0.2544114
          0.0591667   0.0408732
         -0.0155428   0.0031861   0.1387043
         -0.0245466   0.0075203  -0.1362212   0.2544114
         -0.0075203   0.0044302   0.0394021  -0.0591667   0.0408732
          0.0003224  -0.0010824   0.0002570  -0.0003224  -0.0010824
          0.0007353   0.0010225  -0.0007481   0.0007353  -0.0010225
         -0.0003617   0.0046059  -0.0001831   0.0003617   0.0046059
          0.0085677
          0.0000000   0.0076888
         -0.0011744   0.0000000   0.1278233
Energy
-40.87751766
-40.67361428
