 Atomic Coordinates

0.017382106   0.000000000   -0.330587908
0.015985777   0.000000000   2.323235841
2.014662698   0.000000000   -0.739986211
-1.118145876   -1.639937359   -0.808915647
-1.118145876   1.639937359   -0.808915647
-0.001488975   0.000000000   3.973994494

 Force Constants 

          0.6429756
          0.0000000   0.5451986
         -0.0030404   0.0000000   0.0639722
         -0.0221678   0.0000000   0.0028705   0.0382063
          0.0000000  -0.0216993   0.0000000   0.0000000   0.0365317
          0.0034156   0.0000000   0.1562244  -0.0026835   0.0000000
         -0.3478761   0.0000000   0.0603979  -0.0008984   0.0000000
          0.0000000  -0.0544356   0.0000000   0.0000000  -0.0007621
          0.0739404   0.0000000  -0.0274094   0.0129739   0.0000000
         -0.1384372  -0.1306835  -0.0321007  -0.0006362   0.0003874
         -0.1241563  -0.2365289  -0.0521132   0.0001465  -0.0000177
         -0.0375773  -0.0637978  -0.0367292  -0.0073925  -0.0112313
         -0.1384372   0.1306835  -0.0321007  -0.0006362  -0.0003874
          0.1241563  -0.2365289   0.0521132  -0.0001465  -0.0000177
         -0.0375773   0.0637978  -0.0367292  -0.0073925   0.0112313
          0.0039428   0.0000000   0.0039733  -0.0138677   0.0000000
          0.0000000   0.0039939   0.0000000   0.0000000  -0.0140350
          0.0008389   0.0000000  -0.1193288   0.0016242   0.0000000
         -0.0774795
         -0.0009257   0.3633016
          0.0000000   0.0000000   0.0438239
         -0.0219453  -0.0671971   0.0000000   0.0383282
          0.0000217  -0.0073488  -0.0226844  -0.0097758   0.1396374
          0.0005989   0.0041274   0.0057699   0.0003317   0.1360304
         -0.0163586   0.0040293   0.0079822   0.0025946   0.0393471
          0.0000217  -0.0073488   0.0226844  -0.0097758   0.0065419
         -0.0005989  -0.0041274   0.0057699  -0.0003317   0.0162115
         -0.0163586   0.0040293  -0.0079822   0.0025946   0.0029584
          0.0001502   0.0001706   0.0000000  -0.0001655   0.0002429
          0.0000000   0.0000000  -0.0001660   0.0000000   0.0007386
         -0.0240824  -0.0003339   0.0000000   0.0058373  -0.0004507
          0.2552605
          0.0592354   0.0421820
         -0.0162115   0.0029584   0.1396374
         -0.0253682   0.0072627  -0.1360304   0.2552605
         -0.0072627   0.0040560   0.0393471  -0.0592354   0.0421820
          0.0000636  -0.0013650   0.0002429  -0.0000636  -0.0013650
          0.0008843   0.0005487  -0.0007386   0.0008843  -0.0005487
         -0.0007901   0.0042553  -0.0004507   0.0007901   0.0042553
          0.0092685
          0.0000000   0.0084386
         -0.0012279   0.0000000   0.1290633
Energy
-40.87751766
-40.67361428
