 Atomic Coordinates

0.000000000   -0.017438638   -0.330426251
0.000000000   -0.016229433   2.323632373
1.990610831   0.171518775   -0.787022078
-1.079635852   -1.698465459   -0.747080181
-0.910974981   1.749373640   -0.826963976
0.000000000   0.001607214   3.974919930

 Force Constants 

          0.5895700
          0.0460590   0.5977867
          0.0010493  -0.0058762   0.0663692
         -0.0215880  -0.0004778   0.0000670   0.0358632
         -0.0004684  -0.0217332  -0.0018133   0.0008660   0.0359310
          0.0000626  -0.0018357   0.1555227  -0.0000387   0.0024777
         -0.3266103  -0.0220764   0.0612481   0.0000530   0.0000429
         -0.0285233  -0.0529323   0.0032524  -0.0000271  -0.0007408
          0.0741757   0.0010515  -0.0337631   0.0129083   0.0008641
         -0.1382162  -0.1345633  -0.0308230  -0.0007230   0.0000532
         -0.1306853  -0.2602582  -0.0501096   0.0001182  -0.0005747
         -0.0367552  -0.0627111  -0.0293250  -0.0068278  -0.0109565
         -0.1077273   0.1115912  -0.0314518  -0.0003524  -0.0006452
          0.1141163  -0.2673689   0.0579137  -0.0006313   0.0003988
         -0.0387043   0.0687430  -0.0393369  -0.0060485   0.0113282
          0.0045719  -0.0005328  -0.0000896  -0.0132528   0.0001515
         -0.0004983   0.0045059  -0.0033670   0.0001519  -0.0132811
          0.0001719   0.0006285  -0.1194669  -0.0000604  -0.0019001
         -0.0788980
         -0.0010527   0.3448005
          0.0001627   0.0212618   0.0478209
         -0.0179172  -0.0687669  -0.0052419   0.0394863
          0.0002713  -0.0026808  -0.0209829  -0.0094107   0.1325730
          0.0005310   0.0035357   0.0055458   0.0009905   0.1426054
         -0.0207510   0.0034579   0.0086318   0.0025184   0.0356880
          0.0007788  -0.0162529   0.0279632  -0.0084584   0.0092098
         -0.0010648  -0.0026894   0.0005526   0.0006671   0.0124775
         -0.0143250   0.0049532  -0.0067607   0.0044264   0.0043278
         -0.0000212   0.0006905   0.0003083  -0.0004479  -0.0001628
         -0.0002710  -0.0000747  -0.0002463   0.0016686   0.0004101
         -0.0236315   0.0001605  -0.0000445   0.0052493  -0.0000533
          0.2700819
          0.0565172   0.0376150
         -0.0158057   0.0048622   0.1149077
         -0.0149005   0.0076067  -0.1226628   0.2803642
         -0.0078755   0.0035313   0.0344629  -0.0653337   0.0415874
          0.0002318  -0.0004251   0.0002151  -0.0006103   0.0010089
          0.0001057   0.0009119  -0.0004406   0.0009538  -0.0001013
         -0.0000536   0.0064113  -0.0001936   0.0002109   0.0041168
          0.0079381
          0.0004515   0.0079620
         -0.0000250   0.0011589   0.1273209
Energy
-40.87755465
-40.67366103
