 Atomic Coordinates

0.000000000   -0.017438638   -0.330426251
0.000000000   -0.016229433   2.323632373
1.990610831   0.171518775   -0.787022078
-1.079635852   -1.698465459   -0.747080181
-0.910974981   1.749373640   -0.826963976
0.000000000   0.001607214   3.974919930

 Force Constants 

          0.5893676
          0.0449257   0.5975463
          0.0003177  -0.0067973   0.0658512
         -0.0215932  -0.0003465   0.0001349   0.0361088
         -0.0003359  -0.0217105  -0.0017239   0.0008457   0.0361636
          0.0002091  -0.0016967   0.1558893  -0.0000337   0.0024753
         -0.3263788  -0.0218719   0.0613898   0.0000338   0.0000005
         -0.0282484  -0.0530194   0.0035443  -0.0000678  -0.0007783
          0.0742726   0.0013813  -0.0336398   0.0129157   0.0008149
         -0.1381715  -0.1340540  -0.0305974  -0.0007627   0.0000136
         -0.1301095  -0.2601044  -0.0498240   0.0000834  -0.0006315
         -0.0366554  -0.0625334  -0.0292747  -0.0068665  -0.0110243
         -0.1077920   0.1117834  -0.0312064  -0.0003968  -0.0006682
          0.1141945  -0.2672192   0.0581228  -0.0006599   0.0003644
         -0.0384759   0.0688564  -0.0392583  -0.0061065   0.0113424
          0.0045679  -0.0004367  -0.0000385  -0.0133898   0.0001443
         -0.0004263   0.0045073  -0.0033218   0.0001451  -0.0134077
          0.0003319   0.0007898  -0.1195678  -0.0000439  -0.0018844
         -0.0791717
         -0.0011134   0.3447966
          0.0001137   0.0212301   0.0479864
         -0.0179986  -0.0687072  -0.0053409   0.0396352
          0.0002202  -0.0028187  -0.0211840  -0.0095187   0.1326867
          0.0004827   0.0034799   0.0055869   0.0009170   0.1423260
         -0.0209135   0.0034509   0.0086126   0.0024844   0.0357017
          0.0007363  -0.0163544   0.0279835  -0.0085898   0.0092523
         -0.0011140  -0.0027498   0.0004622   0.0005795   0.0125255
         -0.0144147   0.0048814  -0.0068304   0.0043231   0.0043071
         -0.0000184   0.0007215   0.0002866  -0.0003725  -0.0001860
         -0.0002610  -0.0000887  -0.0002378   0.0016484   0.0003729
         -0.0233908   0.0000984  -0.0000992   0.0051957  -0.0001128
          0.2701473
          0.0565277   0.0379100
         -0.0159693   0.0048552   0.1150897
         -0.0150740   0.0075938  -0.1226777   0.2805028
         -0.0079926   0.0035064   0.0344467  -0.0653378   0.0417977
          0.0001895  -0.0004859   0.0002012  -0.0006325   0.0009471
          0.0000757   0.0008236  -0.0004518   0.0009639  -0.0000381
         -0.0001108   0.0062875  -0.0002418   0.0001558   0.0040457
          0.0080852
          0.0004488   0.0080987
         -0.0000318   0.0011489   0.1274296
Energy
-40.87755465
-40.67366103
