 Atomic Coordinates

0.000000000   -0.017438638   -0.330426251
0.000000000   -0.016229433   2.323632373
1.990610831   0.171518775   -0.787022078
-1.079635852   -1.698465459   -0.747080181
-0.910974981   1.749373640   -0.826963976
0.000000000   0.001607214   3.974919930

 Force Constants 

          0.5890102
          0.0411253   0.5970958
         -0.0039696  -0.0111572   0.0644240
         -0.0215271   0.0001539   0.0006976   0.0371306
          0.0001803  -0.0216459  -0.0011643   0.0007798   0.0371609
          0.0010656  -0.0008234   0.1562294  -0.0001409   0.0023621
         -0.3262428  -0.0208715   0.0625175  -0.0001453  -0.0001549
         -0.0272498  -0.0529060   0.0047718  -0.0002125  -0.0009524
          0.0751524   0.0025855  -0.0329820   0.0129652   0.0006610
         -0.1380828  -0.1329511  -0.0294058  -0.0009407  -0.0001270
         -0.1290445  -0.2600077  -0.0486919  -0.0000479  -0.0008005
         -0.0360677  -0.0618302  -0.0294903  -0.0070369  -0.0112638
         -0.1077375   0.1127384  -0.0300882  -0.0005576  -0.0007961
          0.1151439  -0.2671162   0.0592529  -0.0007892   0.0002058
         -0.0373608   0.0695801  -0.0388414  -0.0063381   0.0113948
          0.0045800  -0.0001948   0.0002485  -0.0139599   0.0001179
         -0.0001552   0.0045800  -0.0030114   0.0001160  -0.0139678
          0.0011801   0.0016452  -0.1193397  -0.0001468  -0.0019898
         -0.0781780
         -0.0013423   0.3457478
         -0.0001283   0.0209989   0.0484946
         -0.0184196  -0.0690862  -0.0056890   0.0403569
         -0.0000213  -0.0032560  -0.0218966  -0.0099527   0.1333086
          0.0002593   0.0032085   0.0054184   0.0006064   0.1422239
         -0.0211872   0.0033892   0.0085701   0.0023171   0.0356383
          0.0005118  -0.0168275   0.0281350  -0.0090029   0.0091809
         -0.0013394  -0.0030200   0.0002130   0.0002595   0.0124672
         -0.0147880   0.0046562  -0.0071868   0.0039386   0.0040919
         -0.0000729   0.0007237   0.0002249  -0.0000758  -0.0002099
         -0.0003302  -0.0001609  -0.0002677   0.0015766   0.0002836
         -0.0236565  -0.0001344  -0.0003378   0.0047889  -0.0003504
          0.2709990
          0.0564971   0.0389870
         -0.0164534   0.0047917   0.1157549
         -0.0156429   0.0075613  -0.1230964   0.2813948
         -0.0083396   0.0033469   0.0342489  -0.0656670   0.0426617
          0.0001135  -0.0007145   0.0001868  -0.0007055   0.0007018
          0.0000337   0.0004655  -0.0005275   0.0009455   0.0002185
         -0.0003312   0.0060266  -0.0004614  -0.0000674   0.0036823
          0.0086793
          0.0004440   0.0086763
         -0.0000871   0.0010810   0.1284984
Energy
-40.87755465
-40.67366103
