 Atomic Coordinates

0.000000000   0.015734309   -0.330426251
0.000000000   -0.217279813   2.323632373
1.990610831   -0.024059619   -0.787022078
-0.986848500   -1.733331865   -0.716184836
-1.003762333   1.714507234   -0.857859321
0.000000000   0.072666854   3.974919930

 Force Constants 

          0.6008510
         -0.0104647   0.5977894
         -0.0019096  -0.0078979   0.0651918
         -0.0220294   0.0020837   0.0002403   0.0386609
          0.0020782  -0.0225332   0.0059521  -0.0003743   0.0434890
          0.0008751  -0.0180092   0.1559969  -0.0000471   0.0194040
         -0.3373943   0.0057033   0.0636025  -0.0000774  -0.0002894
          0.0083199  -0.0521866   0.0012525  -0.0020716  -0.0009280
          0.0771425  -0.0002856  -0.0341114   0.0126493  -0.0003196
         -0.1199273  -0.1214841  -0.0265496  -0.0023029  -0.0003536
         -0.1227608  -0.2686707  -0.0450980   0.0004551  -0.0008824
         -0.0332359  -0.0586787  -0.0241914  -0.0065920  -0.0116781
         -0.1263859   0.1246432  -0.0355038   0.0008935  -0.0012126
          0.1233464  -0.2612474   0.0632164  -0.0002501   0.0003563
         -0.0430226   0.0750798  -0.0449425  -0.0061488   0.0102817
          0.0048858  -0.0004814   0.0001202  -0.0151448   0.0001517
         -0.0005191   0.0068485  -0.0174252   0.0001573  -0.0195017
          0.0001504   0.0097916  -0.1179435  -0.0001018  -0.0236402
         -0.0943488
         -0.0012807   0.3547775
         -0.0010236  -0.0057823   0.0467831
         -0.0177243  -0.0712232  -0.0006375   0.0400737
          0.0004759  -0.0096176  -0.0256717  -0.0086014   0.1219823
         -0.0001204   0.0037483   0.0033983   0.0002410   0.1323942
         -0.0275614   0.0043882   0.0080093   0.0030024   0.0306219
          0.0000315  -0.0085144   0.0241858  -0.0096398   0.0093939
         -0.0011942  -0.0035012   0.0030037  -0.0000433   0.0146405
         -0.0080767   0.0043129  -0.0078235   0.0037089   0.0043428
         -0.0000548   0.0008262   0.0010200  -0.0003273   0.0004716
          0.0009434   0.0001214  -0.0000705   0.0010450   0.0004747
         -0.0082857   0.0002004   0.0002227   0.0050506  -0.0002896
          0.2811360
          0.0522608   0.0368335
         -0.0139180   0.0048121   0.1248804
         -0.0151566   0.0083618  -0.1334468   0.2720633
         -0.0071813   0.0034400   0.0402932  -0.0703489   0.0440801
          0.0000812   0.0000057  -0.0002676  -0.0007888   0.0002225
          0.0001756   0.0017249  -0.0002515   0.0009808  -0.0000077
         -0.0001021   0.0084768   0.0000069   0.0000082   0.0017902
          0.0092287
          0.0000172   0.0115672
          0.0000337   0.0137196   0.1109115
Energy
-40.87799268
-40.67433514
