 Atomic Coordinates

0.000000000   0.015734309   -0.330426251
0.000000000   -0.217279813   2.323632373
1.990610831   -0.024059619   -0.787022078
-0.986848500   -1.733331865   -0.716184836
-1.003762333   1.714507234   -0.857859321
0.000000000   0.072666854   3.974919930

 Force Constants 

          0.6010573
         -0.0096145   0.5980077
         -0.0013554  -0.0071489   0.0656478
         -0.0220296   0.0019939   0.0001926   0.0384517
          0.0019761  -0.0225381   0.0058621  -0.0003607   0.0432762
          0.0007452  -0.0181134   0.1556358  -0.0000510   0.0194746
         -0.3376421   0.0056167   0.0635245  -0.0000617  -0.0002542
          0.0081600  -0.0520970   0.0010269  -0.0020386  -0.0009020
          0.0771022  -0.0005479  -0.0342138   0.0126403  -0.0002828
         -0.1199769  -0.1219116  -0.0267302  -0.0022571  -0.0003244
         -0.1232472  -0.2688554  -0.0453470   0.0004730  -0.0008311
         -0.0333070  -0.0588164  -0.0242301  -0.0065613  -0.0116267
         -0.1263118   0.1244769  -0.0357076   0.0009246  -0.0011971
          0.1232849  -0.2613712   0.0630322  -0.0002295   0.0003861
         -0.0431991   0.0749851  -0.0450042  -0.0061042   0.0102666
          0.0049031  -0.0005615   0.0000761  -0.0150279   0.0001604
         -0.0005594   0.0068540  -0.0174252   0.0001618  -0.0193911
          0.0000142   0.0096416  -0.1178355  -0.0001164  -0.0236938
         -0.0940704
         -0.0012352   0.3548390
         -0.0009866  -0.0058145   0.0466411
         -0.0176467  -0.0713104  -0.0005605   0.0399464
          0.0005213  -0.0094762  -0.0255056  -0.0085077   0.1218650
         -0.0000759   0.0037866   0.0033611   0.0003033   0.1326483
         -0.0274055   0.0043917   0.0080260   0.0030303   0.0306045
          0.0000746  -0.0084475   0.0241692  -0.0095315   0.0093570
         -0.0011575  -0.0034611   0.0030818   0.0000262   0.0145933
         -0.0080042   0.0043741  -0.0077747   0.0037871   0.0043537
         -0.0000549   0.0007886   0.0010294  -0.0003928   0.0004882
          0.0008587   0.0001264  -0.0000849   0.0010617   0.0004999
         -0.0085090   0.0002551   0.0002689   0.0050967  -0.0002415
          0.2811185
          0.0522453   0.0365783
         -0.0137828   0.0048187   0.1247314
         -0.0149957   0.0083731  -0.1334156   0.2719302
         -0.0070789   0.0034591   0.0402979  -0.0703321   0.0438964
          0.0001220   0.0000533  -0.0002537  -0.0007720   0.0002776
          0.0002025   0.0017988  -0.0002505   0.0009688  -0.0000659
         -0.0000468   0.0085679   0.0000479   0.0000582   0.0018659
          0.0091017
          0.0000217   0.0114507
          0.0000407   0.0137719   0.1108141
Energy
-40.87799268
-40.67433514
