 Atomic Coordinates

0.000000000   0.015734309   -0.330426251
0.000000000   -0.217279813   2.323632373
1.990610831   -0.024059619   -0.787022078
-0.986848500   -1.733331865   -0.716184836
-1.003762333   1.714507234   -0.857859321
0.000000000   0.072666854   3.974919930

 Force Constants 

          0.6005333
         -0.0135784   0.5975221
         -0.0054433  -0.0115006   0.0641467
         -0.0219966   0.0024883   0.0007137   0.0395196
          0.0024814  -0.0225158   0.0064692  -0.0004270   0.0443655
          0.0015596  -0.0172877   0.1562207  -0.0001523   0.0192477
         -0.3372583   0.0064945   0.0645318  -0.0002129  -0.0003997
          0.0091455  -0.0521628   0.0021969  -0.0022158  -0.0010628
          0.0778559   0.0007055  -0.0336170   0.0126961  -0.0004466
         -0.1198454  -0.1206192  -0.0256215  -0.0024760  -0.0004590
         -0.1218578  -0.2685484  -0.0441217   0.0003648  -0.0010324
         -0.0327741  -0.0581218  -0.0243849  -0.0067236  -0.0118793
         -0.1263309   0.1254913  -0.0345085   0.0007855  -0.0013214
          0.1241579  -0.2611350   0.0641974  -0.0003450   0.0002218
         -0.0420781   0.0756869  -0.0446116  -0.0063459   0.0103312
          0.0048980  -0.0002765   0.0003278  -0.0156195   0.0001256
         -0.0003487   0.0068398  -0.0172412   0.0001346  -0.0199763
          0.0008800   0.0105176  -0.1177539  -0.0001880  -0.0237222
         -0.0935283
         -0.0014734   0.3555583
         -0.0011963  -0.0059795   0.0472401
         -0.0180324  -0.0715307  -0.0009066   0.0406902
          0.0002980  -0.0100140  -0.0262510  -0.0089444   0.1225362
         -0.0002970   0.0035298   0.0032442  -0.0000249   0.1322906
         -0.0277863   0.0043409   0.0079890   0.0028506   0.0305768
         -0.0001603  -0.0088946   0.0243038  -0.0100036   0.0093296
         -0.0013797  -0.0037248   0.0028121  -0.0003134   0.0146117
         -0.0083730   0.0041311  -0.0081073   0.0034051   0.0041727
         -0.0000716   0.0008215   0.0009969  -0.0000734   0.0004695
          0.0009129   0.0000796  -0.0000707   0.0009861   0.0004268
         -0.0085008   0.0000003   0.0000243   0.0047035  -0.0004817
          0.2818468
          0.0522368   0.0377351
         -0.0143344   0.0047564   0.1254063
         -0.0156624   0.0083387  -0.1338438   0.2727753
         -0.0074861   0.0033136   0.0401126  -0.0706437   0.0448021
          0.0000070  -0.0001765  -0.0002959  -0.0008561   0.0000076
          0.0001522   0.0014366  -0.0002955   0.0009881   0.0002190
         -0.0003071   0.0082720  -0.0001967  -0.0001992   0.0014638
          0.0097265
          0.0000031   0.0120669
         -0.0000139   0.0136866   0.1118153
Energy
-40.87799268
-40.67433514
