 Atomic Coordinates

0.015530337   0.000000000   -0.331234133
-0.218241284   0.000000000   2.321523269
1.987653931   0.000000000   -0.861624476
-1.014665332   -1.716962139   -0.742097705
-1.014665332   1.716962139   -0.742097705
0.074852510   0.000000000   3.971410146

 Force Constants 

          0.6079438
          0.0000000   0.5926792
         -0.0107179   0.0000000   0.0623514
         -0.0243767   0.0000000   0.0066014   0.0447206
          0.0000000  -0.0203767   0.0000000   0.0000000   0.0391094
         -0.0179066   0.0000000   0.1561928   0.0192924   0.0000000
         -0.3349808   0.0000000   0.0741258   0.0010738   0.0000000
          0.0000000  -0.0535080   0.0000000   0.0000000   0.0004206
          0.0879668   0.0000000  -0.0451458   0.0119285   0.0000000
         -0.1280283  -0.1274448  -0.0262703  -0.0006406   0.0015077
         -0.1238775  -0.2612039  -0.0485519  -0.0001723  -0.0019605
         -0.0349716  -0.0595561  -0.0277439  -0.0069656  -0.0115310
         -0.1280283   0.1274448  -0.0262703  -0.0006406  -0.0015077
          0.1238775  -0.2612039   0.0485519   0.0001723  -0.0019605
         -0.0349716   0.0595561  -0.0277439  -0.0069656   0.0115310
          0.0074703   0.0000000  -0.0174686  -0.0201366   0.0000000
          0.0000000   0.0036134   0.0000000   0.0000000  -0.0152322
          0.0106008   0.0000000  -0.1179107  -0.0238912   0.0000000
         -0.0926293
         -0.0010804   0.3517433
          0.0000000   0.0000000   0.0468207
         -0.0071288  -0.0820343   0.0000000   0.0446560
         -0.0005849  -0.0094726  -0.0248871  -0.0089797   0.1289684
          0.0006311   0.0034168   0.0032809  -0.0002971   0.1358632
         -0.0237278   0.0046634   0.0080618   0.0033178   0.0315691
         -0.0005849  -0.0094726   0.0248871  -0.0089797   0.0094273
         -0.0006311  -0.0034168   0.0032809   0.0002971   0.0153613
         -0.0237278   0.0046634  -0.0080618   0.0033178   0.0043958
          0.0008644   0.0011089   0.0000000   0.0000984  -0.0002543
          0.0000000   0.0000000  -0.0002952   0.0000000  -0.0004003
         -0.0089791  -0.0003378   0.0000000   0.0009830  -0.0001300
          0.2752119
          0.0561398   0.0387702
         -0.0153613   0.0043958   0.1289684
         -0.0163889   0.0071808  -0.1358632   0.2752119
         -0.0071808   0.0025720   0.0315691  -0.0561398   0.0387702
          0.0001312   0.0013089  -0.0002543  -0.0001312   0.0013089
          0.0010605  -0.0002952   0.0004003   0.0010605   0.0002952
         -0.0007411   0.0068117  -0.0001300   0.0007411   0.0068117
          0.0120660
          0.0000000   0.0097930
          0.0138880   0.0000000   0.1122834
Energy
-40.87798269
-40.67430371
