 Atomic Coordinates

0.015530337   0.000000000   -0.331234133
-0.218241284   0.000000000   2.321523269
1.987653931   0.000000000   -0.861624476
-1.014665332   -1.716962139   -0.742097705
-1.014665332   1.716962139   -0.742097705
0.074852510   0.000000000   3.971410146

 Force Constants 

          0.6081838
          0.0000000   0.5920271
         -0.0072315   0.0000000   0.0633663
         -0.0243912   0.0000000   0.0061137   0.0438513
          0.0000000  -0.0200589   0.0000000   0.0000000   0.0381935
         -0.0185435   0.0000000   0.1559682   0.0194160   0.0000000
         -0.3351035   0.0000000   0.0731980   0.0012103   0.0000000
          0.0000000  -0.0532370   0.0000000   0.0000000   0.0003582
          0.0872544   0.0000000  -0.0456636   0.0118766   0.0000000
         -0.1280883  -0.1277297  -0.0272069  -0.0005022   0.0015592
         -0.1252278  -0.2614401  -0.0492867   0.0000419  -0.0018197
         -0.0356748  -0.0604873  -0.0277908  -0.0068000  -0.0112739
         -0.1280883   0.1277297  -0.0272069  -0.0005022  -0.0015592
          0.1252278  -0.2614401   0.0492867  -0.0000419  -0.0018197
         -0.0356748   0.0604873  -0.0277908  -0.0068000   0.0112739
          0.0074874   0.0000000  -0.0176664  -0.0196660   0.0000000
          0.0000000   0.0041489   0.0000000   0.0000000  -0.0148535
          0.0098703   0.0000000  -0.1180894  -0.0238063   0.0000000
         -0.0933823
         -0.0009201   0.3509671
          0.0000000   0.0000000   0.0461721
         -0.0068248  -0.0817153   0.0000000   0.0440433
         -0.0004284  -0.0090803  -0.0243449  -0.0086256   0.1283087
          0.0009150   0.0036999   0.0035670   0.0000722   0.1360211
         -0.0234850   0.0047837   0.0082438   0.0035464   0.0316265
         -0.0004284  -0.0090803   0.0243449  -0.0086256   0.0095971
         -0.0009150  -0.0036999   0.0035670  -0.0000722   0.0148498
         -0.0234850   0.0047837  -0.0082438   0.0035464   0.0045622
          0.0009045   0.0010867   0.0000000  -0.0001644  -0.0002350
          0.0000000   0.0000000  -0.0004273   0.0000000  -0.0003555
         -0.0087912  -0.0001299   0.0000000   0.0013523   0.0000723
          0.2745480
          0.0560822   0.0378175
         -0.0148498   0.0045622   0.1283087
         -0.0158049   0.0073676  -0.1360211   0.2745480
         -0.0073676   0.0028385   0.0316265  -0.0560822   0.0378175
          0.0003148   0.0015025  -0.0002350  -0.0003148   0.0015025
          0.0009497   0.0000676   0.0003555   0.0009497  -0.0000676
         -0.0004151   0.0070734   0.0000723   0.0004151   0.0070734
          0.0115619
          0.0000000   0.0092325
          0.0139213   0.0000000   0.1113815
Energy
-40.87798269
-40.67430371
