 Atomic Coordinates

0.015530337   0.000000000   -0.331234133
-0.218241284   0.000000000   2.321523269
1.987653931   0.000000000   -0.861624476
-1.014665332   -1.716962139   -0.742097705
-1.014665332   1.716962139   -0.742097705
0.074852510   0.000000000   3.971410146

 Force Constants 

          0.6083430
          0.0000000   0.5920640
         -0.0067162   0.0000000   0.0638218
         -0.0243860   0.0000000   0.0060336   0.0436377
          0.0000000  -0.0200160   0.0000000   0.0000000   0.0379710
         -0.0186387   0.0000000   0.1556077   0.0194862   0.0000000
         -0.3353318   0.0000000   0.0731309   0.0012246   0.0000000
          0.0000000  -0.0530083   0.0000000   0.0000000   0.0003500
          0.0872288   0.0000000  -0.0457496   0.0118609   0.0000000
         -0.1280676  -0.1279927  -0.0273983  -0.0004603   0.0015745
         -0.1258764  -0.2616605  -0.0494713   0.0000997  -0.0017739
         -0.0357974  -0.0607038  -0.0278502  -0.0067597  -0.0112130
         -0.1280676   0.1279927  -0.0273983  -0.0004603  -0.0015745
          0.1258764  -0.2616605   0.0494713  -0.0000997  -0.0017739
         -0.0357974   0.0607038  -0.0278502  -0.0067597   0.0112130
          0.0075101   0.0000000  -0.0176516  -0.0195556   0.0000000
          0.0000000   0.0042813   0.0000000   0.0000000  -0.0147573
          0.0097210   0.0000000  -0.1179795  -0.0238612   0.0000000
         -0.0931061
         -0.0008842   0.3510167
          0.0000000   0.0000000   0.0459735
         -0.0067708  -0.0817981   0.0000000   0.0439075
         -0.0003912  -0.0089796  -0.0242200  -0.0085275   0.1281763
          0.0009977   0.0037383   0.0035843   0.0001512   0.1363096
         -0.0233589   0.0048137   0.0082945   0.0036010   0.0316046
         -0.0003912  -0.0089796   0.0242200  -0.0085275   0.0095543
         -0.0009977  -0.0037383   0.0035843  -0.0001512   0.0146496
         -0.0233589   0.0048137  -0.0082945   0.0036010   0.0045905
          0.0008190   0.0010497   0.0000000  -0.0002367  -0.0002230
          0.0000000   0.0000000  -0.0004839   0.0000000  -0.0003211
         -0.0090129  -0.0000760   0.0000000   0.0014109   0.0001218
          0.2745224
          0.0560537   0.0375559
         -0.0146496   0.0045905   0.1281763
         -0.0156100   0.0074013  -0.1363096   0.2745224
         -0.0074013   0.0029035   0.0316046  -0.0560537   0.0375559
          0.0003783   0.0015483  -0.0002230  -0.0003783   0.0015483
          0.0009377   0.0001671   0.0003211   0.0009377  -0.0001671
         -0.0003301   0.0071488   0.0001218   0.0003301   0.0071488
          0.0114419
          0.0000000   0.0090845
          0.0139727   0.0000000   0.1112838
Energy
-40.87798269
-40.67430371
