 Atomic Coordinates

0.001579011   0.000000000   -0.288597181
-0.018175503   0.000000000   2.464663115
1.930449528   0.000000000   -1.053184585
-0.969403317   -1.669324932   -1.047557208
-0.969403317   1.669324932   -1.047557208
0.007716502   0.000000000   4.122670844

 Force Constants 

          0.5202022
          0.0000000   0.5174957
         -0.0001080   0.0000000   0.1569796
         -0.0247666   0.0000000   0.0007923   0.0369962
          0.0000000  -0.0244733   0.0000000   0.0000000   0.0368737
         -0.0015635   0.0000000   0.1515003   0.0016710   0.0000000
         -0.2804396   0.0000000   0.0837765   0.0024893   0.0000000
          0.0000000  -0.0488302   0.0000000   0.0000000   0.0001242
          0.1062507   0.0000000  -0.0676677   0.0096625   0.0000000
         -0.1073063  -0.1009944  -0.0415495   0.0006614   0.0011872
         -0.1008594  -0.2218841  -0.0720256   0.0010469   0.0017387
         -0.0527520  -0.0913202  -0.0666144  -0.0049424  -0.0084466
         -0.1073063   0.1009944  -0.0415495   0.0006614  -0.0011872
          0.1008594  -0.2218841   0.0720256  -0.0010469   0.0017387
         -0.0527520   0.0913202  -0.0666144  -0.0049424   0.0084466
         -0.0003833   0.0000000  -0.0013620  -0.0160416   0.0000000
          0.0000000  -0.0004239   0.0000000   0.0000000  -0.0160019
          0.0009248   0.0000000  -0.1075834  -0.0022410   0.0000000
         -0.1017658
         -0.0036919   0.3026902
          0.0000000   0.0000000   0.0460341
         -0.0094004  -0.0939942   0.0000000   0.0635428
          0.0018726  -0.0135450  -0.0262711  -0.0105955   0.1109833
          0.0033511   0.0019959   0.0005618  -0.0012007   0.1116573
         -0.0103575   0.0064006   0.0086494   0.0058811   0.0466923
          0.0018726  -0.0135450   0.0262711  -0.0105955   0.0074353
         -0.0033511  -0.0019959   0.0005618   0.0012007   0.0141535
         -0.0103575   0.0064006  -0.0086494   0.0058811   0.0041899
         -0.0001608   0.0023500   0.0000000  -0.0007281   0.0017714
          0.0000000   0.0000000   0.0015485   0.0000000   0.0002675
         -0.0196190   0.0011085   0.0000000   0.0017632  -0.0006099
          0.2382017
          0.0806821   0.0630251
         -0.0141535   0.0041899   0.1109833
         -0.0208118   0.0097468  -0.1116573   0.2382017
         -0.0097468   0.0058382   0.0466923  -0.0806821   0.0630251
          0.0003127   0.0004117   0.0017714  -0.0003127   0.0004117
          0.0021938   0.0006885  -0.0002675   0.0021938  -0.0006885
         -0.0010602   0.0022276  -0.0006099   0.0010602   0.0022276
          0.0105322
          0.0000000   0.0104897
          0.0014274   0.0000000   0.1209839
Energy
-40.87281967
-40.66957450
