 Atomic Coordinates

0.001579011   0.000000000   -0.288597181
-0.018175503   0.000000000   2.464663115
1.930449528   0.000000000   -1.053184585
-0.969403317   -1.669324932   -1.047557208
-0.969403317   1.669324932   -1.047557208
0.007716502   0.000000000   4.122670844

 Force Constants 

          0.5202937
          0.0000000   0.5172602
          0.0017011   0.0000000   0.1572187
         -0.0248031   0.0000000   0.0005336   0.0366760
          0.0000000  -0.0243941   0.0000000   0.0000000   0.0365161
         -0.0018975   0.0000000   0.1517443   0.0017164   0.0000000
         -0.2802756   0.0000000   0.0832256   0.0025494   0.0000000
          0.0000000  -0.0488900   0.0000000   0.0000000   0.0001305
          0.1057834   0.0000000  -0.0679089   0.0096700   0.0000000
         -0.1073922  -0.1009361  -0.0419606   0.0007078   0.0012122
         -0.1010338  -0.2218438  -0.0721618   0.0011206   0.0017921
         -0.0530578  -0.0915596  -0.0666263  -0.0048840  -0.0083442
         -0.1073922   0.1009361  -0.0419606   0.0007078  -0.0012122
          0.1010338  -0.2218438   0.0721618  -0.0011206   0.0017921
         -0.0530578   0.0915596  -0.0666263  -0.0048840   0.0083442
         -0.0004305   0.0000000  -0.0015391  -0.0158379   0.0000000
          0.0000000  -0.0002886   0.0000000   0.0000000  -0.0158367
          0.0005285   0.0000000  -0.1078015  -0.0021521   0.0000000
         -0.1026719
         -0.0036095   0.3021827
          0.0000000   0.0000000   0.0458458
         -0.0092554  -0.0937089   0.0000000   0.0633079
          0.0019438  -0.0134132  -0.0260839  -0.0104800   0.1107517
          0.0034645   0.0021226   0.0006963  -0.0010700   0.1114796
         -0.0103238   0.0064563   0.0086984   0.0059668   0.0467231
          0.0019438  -0.0134132   0.0260839  -0.0104800   0.0075736
         -0.0034645  -0.0021226   0.0006963   0.0010700   0.0140663
         -0.0103238   0.0064563  -0.0086984   0.0059668   0.0042823
         -0.0000971   0.0023698   0.0000000  -0.0007845   0.0017724
          0.0000000   0.0000000   0.0015211   0.0000000   0.0002621
         -0.0191694   0.0011802   0.0000000   0.0019227  -0.0005086
          0.2378709
          0.0805692   0.0627372
         -0.0140663   0.0042823   0.1107517
         -0.0206705   0.0098496  -0.1114796   0.2378709
         -0.0098496   0.0059604   0.0467231  -0.0805692   0.0627372
          0.0003774   0.0004800   0.0017724  -0.0003774   0.0004800
          0.0021550   0.0007866  -0.0002621   0.0021550  -0.0007866
         -0.0009523   0.0022858  -0.0005086   0.0009523   0.0022858
          0.0103539
          0.0000000   0.0102942
          0.0014607   0.0000000   0.1204767
Energy
-40.87281967
-40.66957450
