 Atomic Coordinates

0.000000000   0.028195056   -0.330426251
0.000000000   0.001190986   2.323632373
1.990610831   0.005605981   -0.787022078
-1.097335330   -1.895034633   -0.831831251
-0.893275502   1.552804466   -0.742212906
0.000000000   -0.000549796   3.974919930

 Force Constants 

          0.6049072
         -0.2661745   0.7031158
          0.0301811  -0.1431511   0.0367387
         -0.0205818  -0.0005607  -0.0026112   0.0353960
         -0.0004605  -0.0201188   0.0097531   0.0002890   0.0351466
         -0.0004234   0.0021814   0.1569539  -0.0000821  -0.0002952
         -0.3381465   0.0110174   0.0633589   0.0002151  -0.0001539
          0.0294643  -0.0481768  -0.0024929  -0.0012318  -0.0006659
          0.0756457   0.0004731  -0.0324465   0.0130164  -0.0007488
         -0.0674614  -0.0327246  -0.0078249  -0.0001969  -0.0004093
         -0.0492867  -0.1434930  -0.0173751   0.0002064   0.0007317
         -0.0120573  -0.0187602  -0.0375736  -0.0071637  -0.0136356
         -0.1854389   0.2913237  -0.0783165  -0.0014397  -0.0009429
          0.2891959  -0.4989871   0.1331990  -0.0003815  -0.0013349
         -0.0932892   0.1593615  -0.0034060  -0.0032114   0.0054287
          0.0067213  -0.0028813  -0.0047875  -0.0133928   0.0016776
         -0.0027384   0.0076599   0.0200670   0.0016785  -0.0137587
         -0.0000568  -0.0001049  -0.1202665   0.0000520  -0.0005022
         -0.0803618
         -0.0010334   0.3544433
          0.0004332  -0.0066879   0.0442187
         -0.0177664  -0.0710292   0.0019322   0.0396258
         -0.0001511  -0.0069548  -0.0323744  -0.0085679   0.0719832
         -0.0001008   0.0021754   0.0074351  -0.0001179   0.0591202
         -0.0147908   0.0037511   0.0075059   0.0041084   0.0131824
          0.0016838  -0.0103907   0.0126941  -0.0086866   0.0019342
         -0.0021364  -0.0058046  -0.0025894  -0.0005382   0.0067400
         -0.0210442   0.0047157  -0.0072743   0.0010451   0.0032166
          0.0000063   0.0008335  -0.0018643  -0.0003783   0.0006957
         -0.0000823  -0.0005465  -0.0002218  -0.0010003  -0.0003520
         -0.0229908   0.0002369  -0.0001041   0.0054337   0.0001449
          0.1443180
          0.0245173   0.0426699
         -0.0127117   0.0046805   0.1973911
         -0.0115749   0.0063244  -0.2897392   0.5172770
         -0.0070744   0.0011999   0.0810070  -0.1373808   0.0155645
          0.0004964  -0.0023930  -0.0020560  -0.0000106   0.0075612
          0.0025831  -0.0059519  -0.0006240  -0.0027907  -0.0130609
          0.0001509   0.0043862  -0.0003682   0.0005320   0.0066407
          0.0071984
          0.0025823   0.0065281
         -0.0000087   0.0000283   0.1267966
Energy
-40.85979186
-40.65608496
