 Atomic Coordinates

0.000000000   0.028195056   -0.330426251
0.000000000   0.001190986   2.323632373
1.990610831   0.005605981   -0.787022078
-1.097335330   -1.895034633   -0.831831251
-0.893275502   1.552804466   -0.742212906
0.000000000   -0.000549796   3.974919930

 Force Constants 

          0.6050803
         -0.2640204   0.7033105
          0.0326677  -0.1407091   0.0373027
         -0.0206161  -0.0008522  -0.0029445   0.0348342
         -0.0007402  -0.0201658   0.0094170   0.0003192   0.0345679
         -0.0008954   0.0017026   0.1569046  -0.0000130  -0.0002231
         -0.3381322   0.0103816   0.0626487   0.0003224  -0.0000638
          0.0288214  -0.0482300  -0.0031355  -0.0011441  -0.0005532
          0.0751157  -0.0001732  -0.0327780   0.0129878  -0.0006682
         -0.0674890  -0.0332234  -0.0084062  -0.0001204  -0.0003533
         -0.0498197  -0.1435515  -0.0180213   0.0002840   0.0008246
         -0.0123592  -0.0191104  -0.0373888  -0.0070748  -0.0134971
         -0.1855373   0.2907136  -0.0790097  -0.0013417  -0.0008530
          0.2886000  -0.4990375   0.1325306  -0.0002979  -0.0012332
         -0.0939476   0.1588957  -0.0036054  -0.0030831   0.0054073
          0.0066943  -0.0029992  -0.0049561  -0.0130785   0.0016911
         -0.0028412   0.0076742   0.0199182   0.0016910  -0.0134404
         -0.0005811  -0.0006055  -0.1204352   0.0001277  -0.0004359
         -0.0810841
         -0.0008988   0.3537900
          0.0005636  -0.0065106   0.0439129
         -0.0175455  -0.0707462   0.0021010   0.0392137
         -0.0000469  -0.0067211  -0.0319735  -0.0083642   0.0716252
          0.0000304   0.0023439   0.0075583   0.0000637   0.0590949
         -0.0146934   0.0037909   0.0075117   0.0041978   0.0132041
          0.0018131  -0.0101084   0.0126350  -0.0084559   0.0019994
         -0.0020136  -0.0056275  -0.0024618  -0.0003580   0.0067719
         -0.0208520   0.0048409  -0.0070579   0.0012414   0.0033289
          0.0000411   0.0008493  -0.0018282  -0.0005373   0.0007058
         -0.0000600  -0.0005236  -0.0002261  -0.0009654  -0.0003167
         -0.0227297   0.0003644   0.0000170   0.0056706   0.0002842
          0.1438445
          0.0245225   0.0421089
         -0.0124377   0.0047103   0.1970345
         -0.0112503   0.0063295  -0.2894698   0.5167605
         -0.0068908   0.0012863   0.0811669  -0.1371573   0.0150771
          0.0005346  -0.0022714  -0.0020466   0.0000233   0.0076940
          0.0025744  -0.0057562  -0.0005881  -0.0027776  -0.0131970
          0.0002955   0.0044892  -0.0002248   0.0006687   0.0068526
          0.0068757
          0.0025784   0.0061954
          0.0000297   0.0000603   0.1261525
Energy
-40.85979186
-40.65608496
