 Atomic Coordinates

0.001579011   0.000000000   -0.288597181
-0.018175503   0.000000000   2.464663115
1.930449528   0.000000000   -1.053184585
-0.969403317   -1.669324932   -1.047557208
-0.969403317   1.669324932   -1.047557208
0.007716502   0.000000000   4.122670844

 Force Constants 

          0.5201635
          0.0000000   0.5174266
          0.0005438   0.0000000   0.1569732
         -0.0247742   0.0000000   0.0006926   0.0369194
          0.0000000  -0.0244720   0.0000000   0.0000000   0.0367903
         -0.0017085   0.0000000   0.1517300   0.0016943   0.0000000
         -0.2802834   0.0000000   0.0835356   0.0025073   0.0000000
          0.0000000  -0.0489243   0.0000000   0.0000000   0.0001314
          0.1060469   0.0000000  -0.0677730   0.0096731   0.0000000
         -0.1073457  -0.1008925  -0.0416690   0.0006674   0.0011919
         -0.1007300  -0.2218025  -0.0719863   0.0010595   0.0017550
         -0.0528408  -0.0913039  -0.0666050  -0.0049347  -0.0084246
         -0.1073457   0.1008925  -0.0416690   0.0006674  -0.0011919
          0.1007300  -0.2218025   0.0719863  -0.0010595   0.0017550
         -0.0528408   0.0913039  -0.0666050  -0.0049347   0.0084246
         -0.0004146   0.0000000  -0.0014341  -0.0159873   0.0000000
          0.0000000  -0.0004252   0.0000000   0.0000000  -0.0159596
          0.0007993   0.0000000  -0.1077204  -0.0021906   0.0000000
         -0.1023255
         -0.0036588   0.3024585
          0.0000000   0.0000000   0.0460153
         -0.0093466  -0.0938403   0.0000000   0.0634969
          0.0018991  -0.0135245  -0.0262322  -0.0105753   0.1109283
          0.0033828   0.0020337   0.0006098  -0.0011696   0.1114960
         -0.0103776   0.0064147   0.0086484   0.0058987   0.0467061
          0.0018991  -0.0135245   0.0262322  -0.0105753   0.0075037
         -0.0033828  -0.0020337   0.0006098   0.0011696   0.0141795
         -0.0103776   0.0064147  -0.0086484   0.0058987   0.0042284
         -0.0001252   0.0023667   0.0000000  -0.0007291   0.0017707
          0.0000000   0.0000000   0.0015580   0.0000000   0.0002573
         -0.0193028   0.0011341   0.0000000   0.0018253  -0.0005893
          0.2380731
          0.0805969   0.0629866
         -0.0141795   0.0042284   0.1109283
         -0.0208206   0.0097874  -0.1114960   0.2380731
         -0.0097874   0.0058763   0.0467061  -0.0805969   0.0629866
          0.0003204   0.0004262   0.0017707  -0.0003204   0.0004262
          0.0021852   0.0006959  -0.0002573   0.0021852  -0.0006959
         -0.0010364   0.0022209  -0.0005893   0.0010364   0.0022209
          0.0104939
          0.0000000   0.0104564
          0.0014359   0.0000000   0.1207560
Energy
-40.87281967
-40.66957450
