 Atomic Coordinates

0.000000000   0.028195056   -0.330426251
0.000000000   0.001190986   2.323632373
1.990610831   0.005605981   -0.787022078
-1.097335330   -1.895034633   -0.831831251
-0.893275502   1.552804466   -0.742212906
0.000000000   -0.000549796   3.974919930

 Force Constants 

          0.6049587
         -0.2669142   0.7032067
          0.0291585  -0.1439039   0.0367967
         -0.0205600  -0.0004795  -0.0024451   0.0355434
         -0.0003695  -0.0201114   0.0099011   0.0002812   0.0353130
         -0.0002411   0.0023576   0.1566711  -0.0001337  -0.0003474
         -0.3383656   0.0112750   0.0636776   0.0001631  -0.0001638
          0.0297059  -0.0480929  -0.0023062  -0.0012487  -0.0006992
          0.0759134   0.0006065  -0.0323264   0.0130278  -0.0007591
         -0.0674489  -0.0326586  -0.0076113  -0.0002188  -0.0004341
         -0.0492908  -0.1435892  -0.0172607   0.0001840   0.0007222
         -0.0119598  -0.0186958  -0.0377056  -0.0071916  -0.0136644
         -0.1853202   0.2916482  -0.0780507  -0.0014543  -0.0009900
          0.2895457  -0.4990986   0.1334611  -0.0004136  -0.0013717
         -0.0929891   0.1595733  -0.0033592  -0.0032466   0.0054367
          0.0067359  -0.0028709  -0.0047290  -0.0134734   0.0016762
         -0.0026771   0.0076853   0.0201086   0.0016766  -0.0138529
          0.0001181   0.0000623  -0.1200766  -0.0000108  -0.0005668
         -0.0796700
         -0.0010614   0.3548540
          0.0003976  -0.0068052   0.0442555
         -0.0178387  -0.0712607   0.0019041   0.0397592
         -0.0001900  -0.0069675  -0.0324619  -0.0086144   0.0720578
         -0.0001457   0.0021381   0.0073650  -0.0001613   0.0592420
         -0.0147251   0.0037276   0.0075096   0.0040741   0.0131736
          0.0016433  -0.0104808   0.0126802  -0.0087262   0.0018686
         -0.0021587  -0.0058878  -0.0025893  -0.0005850   0.0066761
         -0.0210771   0.0047065  -0.0073663   0.0010041   0.0031307
         -0.0000171   0.0007968  -0.0018703  -0.0003398   0.0007088
         -0.0001033  -0.0005563  -0.0002391  -0.0010052  -0.0003636
         -0.0233603   0.0002104  -0.0001387   0.0053278   0.0001114
          0.1445370
          0.0245204   0.0427830
         -0.0127686   0.0046672   0.1974321
         -0.0116392   0.0063298  -0.2899092   0.5175162
         -0.0070636   0.0011552   0.0808714  -0.1375586   0.0157023
          0.0004952  -0.0024170  -0.0020454  -0.0000112   0.0075271
          0.0026043  -0.0059996  -0.0006606  -0.0028174  -0.0130216
          0.0001108   0.0044184  -0.0004050   0.0005113   0.0065747
          0.0072773
          0.0025810   0.0066198
         -0.0000242   0.0000212   0.1271160
Energy
-40.85979186
-40.65608496
