 Atomic Coordinates

0.000000000   -0.039809297   -0.330426251
0.000000000   -0.154766739   2.323632373
1.990610831   0.080382236   -0.787022078
-1.004248834   -1.659037503   -1.163272346
-0.986361999   1.788801595   -0.410771811
0.000000000   0.419009136   3.974919930

 Force Constants 

          0.5844758
          0.0048511   0.5381040
         -0.0150671   0.0808861   0.0829938
         -0.0255151  -0.0005151   0.0010761   0.0440462
          0.0000190  -0.0266976   0.0443204  -0.0002140   0.0468233
          0.0023442  -0.0001310   0.1620133  -0.0002811  -0.0320741
         -0.3331915  -0.0153489   0.0637397   0.0002155  -0.0001714
         -0.0195479  -0.0523267  -0.0026825  -0.0032742  -0.0005532
          0.0757545   0.0009649  -0.0370151   0.0137361  -0.0020212
         -0.1177986  -0.0986870  -0.0469494  -0.0012730   0.0007310
         -0.0961480  -0.2106940  -0.0816262   0.0024424   0.0026209
         -0.0550870  -0.0922621  -0.0742322  -0.0065759  -0.0116713
         -0.1130852   0.1085905  -0.0043409   0.0001538   0.0000243
          0.1099569  -0.2531149   0.0003089   0.0018374  -0.0024531
         -0.0076143   0.0108389  -0.0192379  -0.0081226   0.0106173
          0.0051146   0.0011094   0.0015416  -0.0176273  -0.0003889
          0.0008689   0.0047292  -0.0412067  -0.0002765  -0.0197403
         -0.0003303  -0.0002967  -0.1145219   0.0001674  -0.0091710
         -0.1402241
         -0.0017367   0.3510741
          0.0042082   0.0179651   0.0480179
         -0.0176592  -0.0705773   0.0009302   0.0434281
          0.0001022  -0.0087168  -0.0230372  -0.0139018   0.1152715
          0.0031568   0.0019501   0.0011140  -0.0011848   0.1081637
         -0.0074355   0.0048227   0.0072796   0.0053342   0.0545135
         -0.0002023  -0.0100593   0.0272922  -0.0048198   0.0108470
          0.0061057  -0.0044601   0.0045064  -0.0005124   0.0126422
         -0.0270576   0.0034520  -0.0082649   0.0012877   0.0067584
         -0.0002265   0.0006780   0.0006021  -0.0001918   0.0016698
          0.0187344   0.0000653  -0.0007583   0.0018234   0.0001873
          0.0303632   0.0002995  -0.0014707   0.0046243  -0.0005229
          0.2200045
          0.0924537   0.0732327
         -0.0162106   0.0024351   0.1134686
         -0.0139911   0.0042333  -0.1191084   0.2660688
         -0.0113192   0.0028318   0.0069079  -0.0075918   0.0354684
         -0.0001976  -0.0001084  -0.0013248  -0.0008680  -0.0013814
          0.0009457  -0.0000332  -0.0005880  -0.0010160   0.0057198
         -0.0014803   0.0002689   0.0000199  -0.0025437   0.0067076
          0.0114898
         -0.0002570   0.0158396
          0.0003664   0.0149623   0.0725580
Energy
-40.87576564
-40.67166918
