 Atomic Coordinates

0.000000000   -0.039809297   -0.330426251
0.000000000   -0.154766739   2.323632373
1.990610831   0.080382236   -0.787022078
-1.004248834   -1.659037503   -1.163272346
-0.986361999   1.788801595   -0.410771811
0.000000000   0.419009136   3.974919930

 Force Constants 

          0.5848967
          0.0080849   0.5385778
         -0.0116329   0.0848059   0.0844322
         -0.0255388  -0.0009260   0.0006253   0.0431790
         -0.0004617  -0.0267375   0.0435883  -0.0001554   0.0459279
          0.0016571  -0.0009440   0.1613538  -0.0002059  -0.0316153
         -0.3335405  -0.0161349   0.0629283   0.0003318  -0.0000322
         -0.0203248  -0.0523352  -0.0037049  -0.0030915  -0.0004061
          0.0751643  -0.0000877  -0.0375560   0.0136889  -0.0018847
         -0.1178793  -0.0997870  -0.0480087  -0.0010868   0.0008706
         -0.0972460  -0.2108356  -0.0827783   0.0025118   0.0027404
         -0.0555745  -0.0930037  -0.0740012  -0.0064284  -0.0114753
         -0.1130659   0.1078955  -0.0052229   0.0002592   0.0001352
          0.1093724  -0.2533447  -0.0005316   0.0019057  -0.0022795
         -0.0085311   0.0102818  -0.0196864  -0.0079235   0.0105851
          0.0051278   0.0008675   0.0013109  -0.0171443  -0.0003565
          0.0005752   0.0046753  -0.0413795  -0.0002447  -0.0192451
         -0.0010827  -0.0010524  -0.1145424   0.0002436  -0.0091981
         -0.1405102
         -0.0015373   0.3505388
          0.0043772   0.0180947   0.0475455
         -0.0173010  -0.0704332   0.0011840   0.0428250
          0.0003086  -0.0082679  -0.0224459  -0.0135126   0.1147418
          0.0033162   0.0022001   0.0012602  -0.0008895   0.1084374
         -0.0071901   0.0048677   0.0073526   0.0054809   0.0545901
         -0.0000322  -0.0097152   0.0271196  -0.0044589   0.0108671
          0.0062755  -0.0042634   0.0046790  -0.0002344   0.0126379
         -0.0266643   0.0036522  -0.0079730   0.0015936   0.0069227
         -0.0001903   0.0006531   0.0006479  -0.0004485   0.0016250
          0.0185904   0.0001358  -0.0007434   0.0019123   0.0002870
          0.0303118   0.0005223  -0.0012359   0.0049573  -0.0003002
          0.2193980
          0.0925596   0.0722906
         -0.0157800   0.0024641   0.1128864
         -0.0134841   0.0042682  -0.1188559   0.2653767
         -0.0109604   0.0029509   0.0070444  -0.0074534   0.0347254
         -0.0001233   0.0000810  -0.0012315  -0.0007966  -0.0011647
          0.0009211   0.0002986  -0.0005143  -0.0009473   0.0055200
         -0.0012475   0.0004688   0.0002055  -0.0023243   0.0070808
          0.0109699
         -0.0002390   0.0153394
          0.0004115   0.0150582   0.0717237
Energy
-40.87576564
-40.67166918
