 Atomic Coordinates

0.000000000   -0.039809297   -0.330426251
0.000000000   -0.154766739   2.323632373
1.990610831   0.080382236   -0.787022078
-1.004248834   -1.659037503   -1.163272346
-0.986361999   1.788801595   -0.410771811
0.000000000   0.419009136   3.974919930

 Force Constants 

          0.5847188
          0.0074364   0.5384349
         -0.0121348   0.0839138   0.0839744
         -0.0255431  -0.0008563   0.0006832   0.0433550
         -0.0003597  -0.0267528   0.0438628  -0.0001645   0.0461192
          0.0017865  -0.0007380   0.1617644  -0.0002091  -0.0319063
         -0.3333070  -0.0160282   0.0629755   0.0003201  -0.0000665
         -0.0201939  -0.0523807  -0.0034790  -0.0031291  -0.0004310
          0.0751735   0.0001443  -0.0374456   0.0136979  -0.0019083
         -0.1178646  -0.0994738  -0.0478251  -0.0011232   0.0008409
         -0.0968967  -0.2107633  -0.0824793   0.0025054   0.0027168
         -0.0554995  -0.0927802  -0.0740655  -0.0064588  -0.0115072
         -0.1131117   0.1079854  -0.0050510   0.0002333   0.0001144
          0.1093703  -0.2531996  -0.0004156   0.0018922  -0.0023089
         -0.0083722   0.0103552  -0.0195434  -0.0079593   0.0105872
          0.0051076   0.0009365   0.0013522  -0.0172421  -0.0003646
          0.0006436   0.0046614  -0.0414028  -0.0002477  -0.0193433
         -0.0009535  -0.0008953  -0.1146844   0.0002461  -0.0091281
         -0.1408628
         -0.0015793   0.3504484
          0.0043482   0.0181080   0.0476601
         -0.0173795  -0.0703328   0.0011183   0.0429235
          0.0002652  -0.0083824  -0.0225763  -0.0135902   0.1148494
          0.0032937   0.0021498   0.0012614  -0.0009471   0.1082711
         -0.0072502   0.0048686   0.0073286   0.0054581   0.0545719
         -0.0000699  -0.0097654   0.0271566  -0.0045531   0.0108942
          0.0062449  -0.0042863   0.0046265  -0.0002972   0.0126792
         -0.0267987   0.0035978  -0.0080238   0.0015325   0.0069157
         -0.0001934   0.0006863   0.0006347  -0.0003953   0.0016265
          0.0187575   0.0001231  -0.0007363   0.0018900   0.0002589
          0.0305268   0.0004702  -0.0012924   0.0049110  -0.0003375
          0.2194578
          0.0924740   0.0724916
         -0.0158850   0.0024771   0.1130057
         -0.0136058   0.0042681  -0.1188363   0.2654376
         -0.0110514   0.0029442   0.0070276  -0.0074200   0.0348693
         -0.0001446   0.0000407  -0.0012561  -0.0008190  -0.0012097
          0.0009331   0.0002167  -0.0005350  -0.0009498   0.0055528
         -0.0012898   0.0004218   0.0001693  -0.0023801   0.0069962
          0.0110779
         -0.0002430   0.0154349
          0.0004054   0.0149857   0.0718286
Energy
-40.87576564
-40.67166918
