 Atomic Coordinates

-0.041124977   0.000000000   -0.330655799
-0.147970758   0.000000000   2.320300197
2.051879667   0.000000000   -0.341965976
-0.917671003   -1.732496435   -1.006640690
-0.917671003   1.732496435   -1.006640690
0.421500212   0.000000000   3.975173523

 Force Constants 

          0.5246083
          0.0000000   0.5918486
          0.0924935   0.0000000   0.0878077
         -0.0258830   0.0000000   0.0443169   0.0465216
          0.0000000  -0.0269507   0.0000000   0.0000000   0.0444374
         -0.0010811   0.0000000   0.1621691  -0.0333039   0.0000000
         -0.2983461   0.0000000  -0.0071756  -0.0032169   0.0000000
          0.0000000  -0.0553176   0.0000000   0.0000000   0.0002793
          0.0036589   0.0000000  -0.0183627   0.0131002   0.0000000
         -0.1023682  -0.0993310  -0.0435954   0.0007848   0.0035539
         -0.1018875  -0.2578896  -0.0753501   0.0004954  -0.0001235
         -0.0478388  -0.0873401  -0.0584905  -0.0077313  -0.0114779
         -0.1023682   0.0993310  -0.0435954   0.0007848  -0.0035539
          0.1018875  -0.2578896   0.0753501  -0.0004954  -0.0001235
         -0.0478388   0.0873401  -0.0584905  -0.0077313   0.0114779
          0.0043572   0.0000000  -0.0424439  -0.0189913   0.0000000
          0.0000000   0.0061988   0.0000000   0.0000000  -0.0175191
          0.0006062   0.0000000  -0.1146331  -0.0086506   0.0000000
         -0.1418640
          0.0073102   0.3175830
          0.0000000   0.0000000   0.0493431
         -0.0289264  -0.0007151   0.0000000   0.0371599
          0.0038971  -0.0074533  -0.0274198  -0.0115695   0.1025642
          0.0007180   0.0030625   0.0039356   0.0005548   0.1107694
         -0.0114910   0.0018026   0.0031810   0.0017267   0.0482335
          0.0038971  -0.0074533   0.0274198  -0.0115695   0.0064914
         -0.0007180  -0.0030625   0.0039356  -0.0005548   0.0124496
         -0.0114910   0.0018026  -0.0031810   0.0017267   0.0045774
          0.0192804  -0.0011134   0.0000000   0.0070950  -0.0000189
          0.0000000   0.0000000  -0.0021758   0.0000000  -0.0000221
          0.0316031  -0.0030248   0.0000000   0.0066758  -0.0015432
          0.2687598
          0.0852304   0.0604128
         -0.0124496   0.0045774   0.1025642
         -0.0159414   0.0101866  -0.1107694   0.2687598
         -0.0101866   0.0056840   0.0482335  -0.0852304   0.0604128
          0.0000098   0.0009565  -0.0000189  -0.0000098   0.0009565
          0.0012591   0.0002200   0.0000221   0.0012591  -0.0002200
         -0.0009665   0.0021579  -0.0015432   0.0009665   0.0021579
          0.0157853
          0.0000000   0.0109778
          0.0141555   0.0000000   0.0720383
Energy
-40.87546100
-40.67130661
