 Atomic Coordinates

-0.041124977   0.000000000   -0.330655799
-0.147970758   0.000000000   2.320300197
2.051879667   0.000000000   -0.341965976
-0.917671003   -1.732496435   -1.006640690
-0.917671003   1.732496435   -1.006640690
0.421500212   0.000000000   3.975173523

 Force Constants 

          0.5250310
          0.0000000   0.5908574
          0.0956451   0.0000000   0.0889446
         -0.0259609   0.0000000   0.0438338   0.0457747
          0.0000000  -0.0265743   0.0000000   0.0000000   0.0436130
         -0.0017373   0.0000000   0.1618944  -0.0331310   0.0000000
         -0.2984723   0.0000000  -0.0079516  -0.0030622   0.0000000
          0.0000000  -0.0549258   0.0000000   0.0000000   0.0002271
          0.0030281   0.0000000  -0.0188640   0.0130698   0.0000000
         -0.1024335  -0.0994648  -0.0444419   0.0009074   0.0035580
         -0.1030320  -0.2581090  -0.0760198   0.0006878  -0.0000138
         -0.0484425  -0.0881240  -0.0585651  -0.0075845  -0.0112642
         -0.1024335   0.0994648  -0.0444419   0.0009074  -0.0035580
          0.1030320  -0.2581090   0.0760198  -0.0006878  -0.0000138
         -0.0484425   0.0881240  -0.0585651  -0.0075845   0.0112642
          0.0042692   0.0000000  -0.0426436  -0.0185664   0.0000000
          0.0000000   0.0068606   0.0000000   0.0000000  -0.0172381
         -0.0000508   0.0000000  -0.1148447  -0.0086037   0.0000000
         -0.1425499
          0.0074520   0.3168625
          0.0000000   0.0000000   0.0487012
         -0.0286278  -0.0004959   0.0000000   0.0366098
          0.0040536  -0.0071443  -0.0270032  -0.0112477   0.1019723
          0.0009823   0.0032937   0.0041134   0.0008559   0.1108847
         -0.0112536   0.0019207   0.0033170   0.0019327   0.0482027
          0.0040536  -0.0071443   0.0270032  -0.0112477   0.0067093
         -0.0009823  -0.0032937   0.0041134  -0.0008559   0.0120173
         -0.0112536   0.0019207  -0.0033170   0.0019327   0.0047722
          0.0193092  -0.0010394   0.0000000   0.0068934  -0.0000111
          0.0000000   0.0000000  -0.0022292   0.0000000   0.0000080
          0.0317905  -0.0028460   0.0000000   0.0070166  -0.0013389
          0.2682924
          0.0852013   0.0595916
         -0.0120173   0.0047722   0.1019723
         -0.0153560   0.0103319  -0.1108847   0.2682924
         -0.0103319   0.0059114   0.0482027  -0.0852013   0.0595916
          0.0001831   0.0011314  -0.0000111  -0.0001831   0.0011314
          0.0010730   0.0005379  -0.0000080   0.0010730  -0.0005379
         -0.0006878   0.0023831  -0.0013389   0.0006878   0.0023831
          0.0153588
          0.0000000   0.0104607
          0.0141782   0.0000000   0.0712714
Energy
-40.87546100
-40.67130661
