 Atomic Coordinates

-0.041124977   0.000000000   -0.330655799
-0.147970758   0.000000000   2.320300197
2.051879667   0.000000000   -0.341965976
-0.917671003   -1.732496435   -1.006640690
-0.917671003   1.732496435   -1.006640690
0.421500212   0.000000000   3.975173523

 Force Constants 

          0.5252681
          0.0000000   0.5906108
          0.0963557   0.0000000   0.0894081
         -0.0259644   0.0000000   0.0435589   0.0455760
          0.0000000  -0.0264508   0.0000000   0.0000000   0.0434029
         -0.0019743   0.0000000   0.1614763  -0.0328320   0.0000000
         -0.2987177   0.0000000  -0.0081020  -0.0030439   0.0000000
          0.0000000  -0.0547137   0.0000000   0.0000000   0.0002023
          0.0029324   0.0000000  -0.0190610   0.0130703   0.0000000
         -0.1024229  -0.0996302  -0.0446075   0.0009445   0.0035556
         -0.1035121  -0.2582747  -0.0762726   0.0007372   0.0000049
         -0.0485504  -0.0883851  -0.0585623  -0.0075613  -0.0112232
         -0.1024229   0.0996302  -0.0446075   0.0009445  -0.0035556
          0.1035121  -0.2582747   0.0762726  -0.0007372   0.0000049
         -0.0485504   0.0883851  -0.0585623  -0.0075613   0.0112232
          0.0042599   0.0000000  -0.0425975  -0.0184566   0.0000000
          0.0000000   0.0071031   0.0000000   0.0000000  -0.0171642
         -0.0002131   0.0000000  -0.1146988  -0.0086747   0.0000000
         -0.1421956
          0.0074968   0.3169377
          0.0000000   0.0000000   0.0485169
         -0.0284882  -0.0005453   0.0000000   0.0364906
          0.0040845  -0.0070581  -0.0268985  -0.0111539   0.1018282
          0.0010513   0.0033405   0.0041319   0.0009221   0.1110674
         -0.0111809   0.0019659   0.0033572   0.0019799   0.0481721
          0.0040845  -0.0070581   0.0268985  -0.0111539   0.0067127
         -0.0010513  -0.0033405   0.0041319  -0.0009221   0.0118660
         -0.0111809   0.0019659  -0.0033572   0.0019799   0.0047953
          0.0191406  -0.0010599   0.0000000   0.0068505  -0.0000043
          0.0000000   0.0000000  -0.0022694   0.0000000   0.0000397
          0.0315692  -0.0027811   0.0000000   0.0070988  -0.0012904
          0.2682879
          0.0852635   0.0593666
         -0.0118660   0.0047953   0.1018282
         -0.0151713   0.0103449  -0.1110674   0.2682879
         -0.0103449   0.0059617   0.0481721  -0.0852635   0.0593666
          0.0002331   0.0011783  -0.0000043  -0.0002331   0.0011783
          0.0010212   0.0006427  -0.0000397   0.0010212  -0.0006427
         -0.0006195   0.0024350  -0.0012904   0.0006195   0.0024350
          0.0152652
          0.0000000   0.0102882
          0.0142497   0.0000000   0.0711608
Energy
-40.87546100
-40.67130661
