 Atomic Coordinates

-0.028200101   0.000000000   -0.330137736
-0.001299547   0.000000000   2.323450927
2.223205779   0.000000000   -0.840149922
-0.943064037   -1.624426679   -0.761673327
-0.943064037   1.624426679   -0.761673327
0.000265038   0.000000000   3.974093624

 Force Constants 

          0.4296714
          0.0000000   0.8572547
          0.1116684   0.0000000   0.0432412
         -0.0207345   0.0000000  -0.0070974   0.0356757
          0.0000000  -0.0198843   0.0000000   0.0000000   0.0353516
         -0.0018673   0.0000000   0.1564616   0.0003921   0.0000000
         -0.1393780   0.0000000   0.0139304   0.0003069   0.0000000
          0.0000000  -0.0502031   0.0000000   0.0000000  -0.0001485
          0.0167364   0.0000000  -0.0377277   0.0155977   0.0000000
         -0.1370063  -0.1895770  -0.0517633  -0.0015581  -0.0001121
         -0.1982474  -0.3985233  -0.0933149   0.0006607  -0.0000974
         -0.0633138  -0.1105978  -0.0210021  -0.0046451  -0.0088867
         -0.1370063   0.1895770  -0.0517633  -0.0015581   0.0001121
          0.1982474  -0.3985233   0.0933149  -0.0006607  -0.0000974
         -0.0633138   0.1105978  -0.0210021  -0.0046451   0.0088867
          0.0044538   0.0000000  -0.0149749  -0.0121320   0.0000000
          0.0000000   0.0098793   0.0000000   0.0000000  -0.0151239
          0.0000901   0.0000000  -0.1199707   0.0003979   0.0000000
         -0.0790799
          0.0003709   0.1574701
          0.0000000   0.0000000   0.0378979
         -0.0144332  -0.0233234   0.0000000   0.0425913
          0.0005331  -0.0103175  -0.0229360  -0.0080278   0.1513030
          0.0018969   0.0043311   0.0059143   0.0006592   0.2029387
         -0.0195954   0.0046242   0.0068136   0.0027765   0.0549955
          0.0005331  -0.0103175   0.0229360  -0.0080278  -0.0004682
         -0.0018969  -0.0043311   0.0059143  -0.0006592   0.0100858
         -0.0195954   0.0046242  -0.0068136   0.0027765   0.0043646
          0.0000382   0.0022361   0.0000000   0.0070448  -0.0019529
          0.0000000   0.0000000   0.0006251   0.0000000  -0.0003993
         -0.0237578  -0.0002263   0.0000000   0.0040166  -0.0001021
          0.4048378
          0.0989147   0.0303354
         -0.0100858   0.0043646   0.1513030
         -0.0120438   0.0076808  -0.2029387   0.4048378
         -0.0076808   0.0014595   0.0549955  -0.0989147   0.0303354
          0.0004027   0.0039747  -0.0019529  -0.0004027   0.0039747
         -0.0000876   0.0060754   0.0003993  -0.0000876  -0.0060754
         -0.0004751   0.0060262  -0.0001021   0.0004751   0.0060262
          0.0093480
          0.0000000   0.0047947
         -0.0000575   0.0000000   0.1276595
Energy
-40.86258423
-40.65886607
