 Atomic Coordinates

-0.028200101   0.000000000   -0.330137736
-0.001299547   0.000000000   2.323450927
2.223205779   0.000000000   -0.840149922
-0.943064037   -1.624426679   -0.761673327
-0.943064037   1.624426679   -0.761673327
0.000265038   0.000000000   3.974093624

 Force Constants 

          0.4290722
          0.0000000   0.8583946
          0.1057086   0.0000000   0.0409315
         -0.0205991   0.0000000  -0.0062711   0.0371471
          0.0000000  -0.0204545   0.0000000   0.0000000   0.0369609
         -0.0006705   0.0000000   0.1572413   0.0002396   0.0000000
         -0.1391270   0.0000000   0.0155421   0.0000670   0.0000000
          0.0000000  -0.0509366   0.0000000   0.0000000  -0.0001021
          0.0179459   0.0000000  -0.0367994   0.0156828   0.0000000
         -0.1369548  -0.1887667  -0.0502007  -0.0018311  -0.0002623
         -0.1955222  -0.3980088  -0.0920182   0.0002699  -0.0002940
         -0.0621492  -0.1089642  -0.0207909  -0.0049442  -0.0093287
         -0.1369548   0.1887667  -0.0502007  -0.0018311   0.0002623
          0.1955222  -0.3980088   0.0920182  -0.0002699  -0.0002940
         -0.0621492   0.1089642  -0.0207909  -0.0049442   0.0093287
          0.0045635   0.0000000  -0.0145782  -0.0129527   0.0000000
          0.0000000   0.0090140   0.0000000   0.0000000  -0.0158163
          0.0013143   0.0000000  -0.1197916   0.0002372   0.0000000
         -0.0781462
          0.0000475   0.1587654
          0.0000000   0.0000000   0.0389628
         -0.0150146  -0.0238532   0.0000000   0.0435951
          0.0002153  -0.0109619  -0.0238585  -0.0086358   0.1525124
          0.0013603   0.0038994   0.0055916   0.0000623   0.2023485
         -0.0201161   0.0044091   0.0065027   0.0023748   0.0549886
          0.0002153  -0.0109619   0.0238585  -0.0086358  -0.0007411
         -0.0013603  -0.0038994   0.0055916  -0.0000623   0.0110308
         -0.0201161   0.0044091  -0.0065027   0.0023748   0.0040626
         -0.0000473   0.0022184   0.0000000   0.0074962  -0.0020236
          0.0000000   0.0000000   0.0008927   0.0000000  -0.0004919
         -0.0238484  -0.0005547   0.0000000   0.0034691  -0.0004300
          0.4057535
          0.0989761   0.0320113
         -0.0110308   0.0040626   0.1525124
         -0.0131243   0.0073462  -0.2023485   0.4057535
         -0.0073462   0.0009744   0.0549886  -0.0989761   0.0320113
          0.0000352   0.0036330  -0.0020236  -0.0000352   0.0036330
          0.0000819   0.0054681   0.0004919   0.0000819  -0.0054681
         -0.0010344   0.0055463  -0.0004300   0.0010344   0.0055463
          0.0102179
          0.0000000   0.0057457
         -0.0001368   0.0000000   0.1290783
Energy
-40.86258423
-40.65886607
