 Atomic Coordinates

-0.028200101   0.000000000   -0.330137736
-0.001299547   0.000000000   2.323450927
2.223205779   0.000000000   -0.840149922
-0.943064037   -1.624426679   -0.761673327
-0.943064037   1.624426679   -0.761673327
0.000265038   0.000000000   3.974093624

 Force Constants 

          0.4295659
          0.0000000   0.8573881
          0.1107676   0.0000000   0.0426528
         -0.0206942   0.0000000  -0.0069879   0.0359466
          0.0000000  -0.0199929   0.0000000   0.0000000   0.0356678
         -0.0016784   0.0000000   0.1568368   0.0003819   0.0000000
         -0.1392460   0.0000000   0.0141945   0.0002673   0.0000000
          0.0000000  -0.0505601   0.0000000   0.0000000  -0.0001321
          0.0169166   0.0000000  -0.0375875   0.0156171   0.0000000
         -0.1370445  -0.1891871  -0.0515255  -0.0016203  -0.0001497
         -0.1973635  -0.3982743  -0.0930503   0.0005786  -0.0001413
         -0.0631484  -0.1102795  -0.0209199  -0.0047087  -0.0089735
         -0.1370445   0.1891871  -0.0515255  -0.0016203   0.0001497
          0.1973635  -0.3982743   0.0930503  -0.0005786  -0.0001413
         -0.0631484   0.1102795  -0.0209199  -0.0047087   0.0089735
          0.0044634   0.0000000  -0.0149233  -0.0122790   0.0000000
          0.0000000   0.0097136   0.0000000   0.0000000  -0.0152602
          0.0002910   0.0000000  -0.1200623   0.0004063   0.0000000
         -0.0793011
          0.0003106   0.1576311
          0.0000000   0.0000000   0.0381611
         -0.0145253  -0.0233718   0.0000000   0.0427773
          0.0004738  -0.0104490  -0.0231189  -0.0081484   0.1515200
          0.0017812   0.0042762   0.0059149   0.0005519   0.2025505
         -0.0197385   0.0045805   0.0067405   0.0026926   0.0550434
          0.0004738  -0.0104490   0.0231189  -0.0081484  -0.0004356
         -0.0017812  -0.0042762   0.0059149  -0.0005519   0.0103489
         -0.0197385   0.0045805  -0.0067405   0.0026926   0.0043239
          0.0000383   0.0022456   0.0000000   0.0071349  -0.0019705
          0.0000000   0.0000000   0.0007014   0.0000000  -0.0004438
         -0.0235335  -0.0002942   0.0000000   0.0039502  -0.0001673
          0.4048825
          0.0989397   0.0306906
         -0.0103489   0.0043239   0.1515200
         -0.0123100   0.0076266  -0.2025505   0.4048825
         -0.0076266   0.0013613   0.0550434  -0.0989397   0.0306906
          0.0003071   0.0039093  -0.0019705  -0.0003071   0.0039093
         -0.0000717   0.0059462   0.0004438  -0.0000717  -0.0059462
         -0.0005959   0.0059140  -0.0001673   0.0005959   0.0059140
          0.0095110
          0.0000000   0.0049886
         -0.0000685   0.0000000   0.1278176
Energy
-40.86258423
-40.65886607
