 Atomic Coordinates

-0.000345901   0.000000000   -0.339142801
-0.000358667   0.000000000   2.317121121
1.818371581   0.000000000   -0.753570653
-0.906830161   -1.569577697   -0.751512577
-0.906830161   1.569577697   -0.751512577
-0.000230831   0.000000000   3.980830533

 Force Constants 

          0.8977924
          0.0000000   0.9125106
         -0.0017724   0.0000000  -0.0163859
         -0.0160390   0.0000000   0.0003629   0.0373860
          0.0000000  -0.0165008   0.0000000   0.0000000   0.0374543
          0.0009783   0.0000000   0.1650310  -0.0000724   0.0000000
         -0.5740796   0.0000000   0.1252371  -0.0003066   0.0000000
          0.0000000  -0.0231140   0.0000000   0.0000000  -0.0017687
          0.1474907   0.0000000  -0.0088979   0.0087557   0.0000000
         -0.1622900  -0.2433858  -0.0617898  -0.0016316   0.0006107
         -0.2424235  -0.4446087  -0.1084863   0.0004456  -0.0007183
         -0.0738833  -0.1283605  -0.0083564  -0.0044448  -0.0076906
         -0.1622900   0.2433858  -0.0617898  -0.0016316  -0.0006107
          0.2424235  -0.4446087   0.1084863  -0.0004456  -0.0007183
         -0.0738833   0.1283605  -0.0083564  -0.0044448   0.0076906
          0.0169062   0.0000000  -0.0002481  -0.0177773   0.0000000
          0.0000000   0.0163215   0.0000000   0.0000000  -0.0177482
          0.0010701   0.0000000  -0.1230344  -0.0001567   0.0000000
         -0.0839826
         -0.0024664   0.5948855
          0.0000000   0.0000000   0.0308414
         -0.0214619  -0.1296782   0.0000000   0.0238315
          0.0008107  -0.0099193  -0.0191743  -0.0085431   0.1743127
          0.0014591   0.0052227  -0.0022611  -0.0000004   0.2490755
         -0.0214743   0.0034071   0.0069512   0.0001433   0.0658032
          0.0008107  -0.0099193   0.0191743  -0.0085431   0.0010240
         -0.0014591  -0.0052227  -0.0022611   0.0000004   0.0125039
         -0.0214743   0.0034071  -0.0069512   0.0001433   0.0041939
         -0.0000609  -0.0006607   0.0000000  -0.0094819  -0.0014959
          0.0000000   0.0000000  -0.0014365   0.0000000   0.0003700
         -0.0166378   0.0000933   0.0000000   0.0062417  -0.0004748
          0.4620746
          0.1142245   0.0232305
         -0.0125039   0.0041939   0.1743127
         -0.0136865   0.0063995  -0.2490755   0.4620746
         -0.0063995   0.0000170   0.0658032  -0.1142245   0.0232305
          0.0001836   0.0049239  -0.0014959  -0.0001836   0.0049239
         -0.0008001   0.0084758  -0.0003700  -0.0008001  -0.0084758
         -0.0007973   0.0064400  -0.0004748   0.0007973   0.0064400
          0.0045236
          0.0000000   0.0044634
         -0.0000570   0.0000000   0.1205506
Energy
-40.85775813
-40.65559437
