 Atomic Coordinates

-0.000345901   0.000000000   -0.339142801
-0.000358667   0.000000000   2.317121121
1.818371581   0.000000000   -0.753570653
-0.906830161   -1.569577697   -0.751512577
-0.906830161   1.569577697   -0.751512577
-0.000230831   0.000000000   3.980830533

 Force Constants 

          0.8983211
          0.0000000   0.9118542
          0.0023888   0.0000000  -0.0145998
         -0.0160522   0.0000000  -0.0001695   0.0362233
          0.0000000  -0.0160745   0.0000000   0.0000000   0.0361954
          0.0000578   0.0000000   0.1643341   0.0000177   0.0000000
         -0.5746086   0.0000000   0.1242150  -0.0001774   0.0000000
          0.0000000  -0.0224225   0.0000000   0.0000000  -0.0018053
          0.1468239   0.0000000  -0.0095922   0.0087028   0.0000000
         -0.1622937  -0.2440988  -0.0629803  -0.0014353   0.0007243
         -0.2447879  -0.4451495  -0.1095090   0.0007300  -0.0005582
         -0.0747055  -0.1296256  -0.0085106  -0.0042342  -0.0073438
         -0.1622937   0.2440988  -0.0629803  -0.0014353  -0.0007243
          0.2447879  -0.4451495   0.1095090  -0.0007300  -0.0005582
         -0.0747055   0.1296256  -0.0085106  -0.0042342   0.0073438
          0.0169271   0.0000000  -0.0004737  -0.0171231   0.0000000
          0.0000000   0.0169418   0.0000000   0.0000000  -0.0171992
          0.0001405   0.0000000  -0.1231209  -0.0000825   0.0000000
         -0.0845973
         -0.0021808   0.5942867
          0.0000000   0.0000000   0.0298819
         -0.0209937  -0.1296015   0.0000000   0.0230063
          0.0010635  -0.0093803  -0.0184661  -0.0080487   0.1734734
          0.0019080   0.0055617  -0.0019975   0.0004770   0.2497240
         -0.0210495   0.0035922   0.0072310   0.0004597   0.0657852
          0.0010635  -0.0093803   0.0184661  -0.0080487   0.0011039
         -0.0019080  -0.0055617  -0.0019975  -0.0004770   0.0116845
         -0.0210495   0.0035922  -0.0072310   0.0004597   0.0043971
         -0.0000218  -0.0007401   0.0000000  -0.0098279  -0.0014680
          0.0000000   0.0000000  -0.0016591   0.0000000   0.0004321
         -0.0166442   0.0003828   0.0000000   0.0066601  -0.0002168
          0.4614168
          0.1141368   0.0218826
         -0.0116845   0.0043971   0.1734734
         -0.0127958   0.0066657  -0.2497240   0.4614168
         -0.0066657   0.0004016   0.0657852  -0.1141368   0.0218826
          0.0004566   0.0051653  -0.0014680  -0.0004566   0.0051653
         -0.0009158   0.0089359  -0.0004321  -0.0009158  -0.0089359
         -0.0003471   0.0068162  -0.0002168   0.0003471   0.0068162
          0.0038721
          0.0000000   0.0037480
         -0.0000073   0.0000000   0.1194726
Energy
-40.85775813
-40.65559437
