 Atomic Coordinates

-0.000345901   0.000000000   -0.339142801
-0.000358667   0.000000000   2.317121121
1.818371581   0.000000000   -0.753570653
-0.906830161   -1.569577697   -0.751512577
-0.906830161   1.569577697   -0.751512577
-0.000230831   0.000000000   3.980830533

 Force Constants 

          0.8980816
          0.0000000   0.9117558
          0.0020053   0.0000000  -0.0151205
         -0.0160612   0.0000000  -0.0001193   0.0364462
          0.0000000  -0.0161443   0.0000000   0.0000000   0.0364384
          0.0002041   0.0000000   0.1647093   0.0000210   0.0000000
         -0.5742278   0.0000000   0.1242116  -0.0001735   0.0000000
          0.0000000  -0.0227720   0.0000000   0.0000000  -0.0017955
          0.1467544   0.0000000  -0.0094663   0.0087113   0.0000000
         -0.1623455  -0.2437172  -0.0628241  -0.0014814   0.0006960
         -0.2439061  -0.4448394  -0.1093146   0.0006690  -0.0005974
         -0.0746297  -0.1293902  -0.0084453  -0.0042732  -0.0074141
         -0.1623455   0.2437172  -0.0628241  -0.0014814  -0.0006960
          0.2439061  -0.4448394   0.1093146  -0.0006690  -0.0005974
         -0.0746297   0.1293902  -0.0084453  -0.0042732   0.0074141
          0.0168983   0.0000000  -0.0004494  -0.0172487   0.0000000
          0.0000000   0.0168393   0.0000000   0.0000000  -0.0173040
          0.0002956   0.0000000  -0.1232320  -0.0000666   0.0000000
         -0.0848749
         -0.0022441   0.5940605
          0.0000000   0.0000000   0.0301191
         -0.0210795  -0.1293779   0.0000000   0.0231336
          0.0010201  -0.0094931  -0.0185945  -0.0081663   0.1736109
          0.0018151   0.0055325  -0.0019819   0.0003923   0.2492801
         -0.0211760   0.0035478   0.0071601   0.0003999   0.0658531
          0.0010201  -0.0094931   0.0185945  -0.0081663   0.0011979
         -0.0018151  -0.0055325  -0.0019819  -0.0003923   0.0119462
         -0.0211760   0.0035478  -0.0071601   0.0003999   0.0043814
         -0.0000212  -0.0006729   0.0000000  -0.0097553  -0.0014889
          0.0000000   0.0000000  -0.0015879   0.0000000   0.0003894
         -0.0164028   0.0003149   0.0000000   0.0066125  -0.0002642
          0.4613782
          0.1141801   0.0221710
         -0.0119462   0.0043814   0.1736109
         -0.0130412   0.0066249  -0.2492801   0.4613782
         -0.0066249   0.0003233   0.0658531  -0.1141801   0.0221710
          0.0003707   0.0051207  -0.0014889  -0.0003707   0.0051207
         -0.0009182   0.0088394  -0.0003894  -0.0009182  -0.0088394
         -0.0004480   0.0067271  -0.0002642   0.0004480   0.0067271
          0.0040010
          0.0000000   0.0038890
         -0.0000154   0.0000000   0.1195680
Energy
-40.85775813
-40.65559437
