 Atomic Coordinates

-0.000044509   0.000000000   -0.297463552
0.000684312   0.000000000   2.393376547
1.972074211   0.000000000   -0.817748679
-0.986192559   -1.709178784   -0.819072531
-0.986192559   1.709178784   -0.819072531
0.000157070   0.000000000   3.607207017

 Force Constants 

          0.5856585
          0.0000000   0.5851345
         -0.0041123   0.0000000   0.1396497
          0.0078905   0.0000000   0.0005249  -0.1125047
          0.0000000   0.0074674   0.0000000   0.0000000  -0.1123919
          0.0008111   0.0000000   0.0767964  -0.0004853   0.0000000
         -0.3360932   0.0000000   0.0710100   0.0044623   0.0000000
          0.0000000  -0.0512868   0.0000000   0.0000000   0.0037751
          0.0922246   0.0000000  -0.0394414   0.0174447   0.0000000
         -0.1219369  -0.1225009  -0.0339045   0.0038519   0.0003069
         -0.1214993  -0.2635934  -0.0596822   0.0001604   0.0043002
         -0.0448162  -0.0779902  -0.0401018  -0.0088753  -0.0153567
         -0.1219369   0.1225009  -0.0339045   0.0038519  -0.0003069
          0.1214993  -0.2635934   0.0596822  -0.0001604   0.0043002
         -0.0448162   0.0779902  -0.0401018  -0.0088753   0.0153567
         -0.0135821   0.0000000   0.0003865   0.0924481   0.0000000
          0.0000000  -0.0141282   0.0000000   0.0000000   0.0925491
          0.0007090   0.0000000  -0.0968009   0.0002664   0.0000000
          0.5662963
         -0.0012954   0.3547005
          0.0000000   0.0000000   0.0465097
         -0.0111372  -0.0801264   0.0000000   0.0378323
          0.0003657  -0.0106109  -0.0256840  -0.0102878   0.1230690
          0.0006526   0.0031700   0.0019888  -0.0009903   0.1325772
         -0.0109470   0.0054067   0.0081132   0.0051992   0.0396865
          0.0003657  -0.0106109   0.0256840  -0.0102878   0.0084182
         -0.0006526  -0.0031700   0.0019888   0.0009903   0.0147705
         -0.0109470   0.0054067  -0.0081132   0.0051992   0.0042320
          0.0002382  -0.0018478   0.0000000  -0.0089672  -0.0027913
          0.0000000   0.0000000  -0.0029755   0.0000000   0.0005304
         -0.6100615  -0.0004016   0.0000000   0.0023480  -0.0000918
          0.2764025
          0.0689019   0.0382364
         -0.0147705   0.0042320   0.1230690
         -0.0170474   0.0087687  -0.1325772   0.2764025
         -0.0087687   0.0051648   0.0396865  -0.0689019   0.0382364
          0.0003621   0.0043664  -0.0027913  -0.0003621   0.0043664
         -0.0020506   0.0075632  -0.0005304  -0.0020506  -0.0075632
         -0.0001132   0.0024484  -0.0000918   0.0001132   0.0024484
         -0.0714356
          0.0000000  -0.0713442
         -0.0003902   0.0000000   0.6996176
Energy
-40.85607074
-40.65347800
