 Atomic Coordinates

-0.000044509   0.000000000   -0.297463552
0.000684312   0.000000000   2.393376547
1.972074211   0.000000000   -0.817748679
-0.986192559   -1.709178784   -0.819072531
-0.986192559   1.709178784   -0.819072531
0.000157070   0.000000000   3.607207017

 Force Constants 

          0.5861189
          0.0000000   0.5847029
         -0.0021472   0.0000000   0.1407546
          0.0078390   0.0000000   0.0006891  -0.1130057
          0.0000000   0.0077715   0.0000000   0.0000000  -0.1129830
          0.0008187   0.0000000   0.0765311  -0.0007574   0.0000000
         -0.3364517   0.0000000   0.0704304   0.0045370   0.0000000
          0.0000000  -0.0508994   0.0000000   0.0000000   0.0037276
          0.0916524   0.0000000  -0.0392323   0.0174077   0.0000000
         -0.1219804  -0.1229454  -0.0346427   0.0039625   0.0003805
         -0.1230241  -0.2639778  -0.0603900   0.0003625   0.0043803
         -0.0455082  -0.0788684  -0.0405152  -0.0086585  -0.0150732
         -0.1219804   0.1229454  -0.0346427   0.0039625  -0.0003805
          0.1230241  -0.2639778   0.0603900  -0.0003625   0.0043803
         -0.0455082   0.0788684  -0.0405152  -0.0086585   0.0150732
         -0.0135454   0.0000000   0.0003133   0.0927047   0.0000000
          0.0000000  -0.0136194   0.0000000   0.0000000   0.0927232
          0.0006925   0.0000000  -0.0970230  -0.0000224   0.0000000
          0.5666166
         -0.0011839   0.3542809
          0.0000000   0.0000000   0.0458999
         -0.0112618  -0.0800145   0.0000000   0.0374179
          0.0004763  -0.0102524  -0.0252155  -0.0099432   0.1225237
          0.0009362   0.0033860   0.0021914  -0.0006888   0.1329571
         -0.0104773   0.0055228   0.0082742   0.0054274   0.0397085
          0.0004763  -0.0102524   0.0252155  -0.0099432   0.0084967
         -0.0009362  -0.0033860   0.0021914   0.0006888   0.0142468
         -0.0104773   0.0055228  -0.0082742   0.0054274   0.0043767
          0.0001700  -0.0018614   0.0000000  -0.0091594  -0.0027502
          0.0000000   0.0000000  -0.0031110   0.0000000   0.0005765
         -0.6109313  -0.0002776   0.0000000   0.0022214   0.0000243
          0.2759720
          0.0688764   0.0373110
         -0.0142468   0.0043767   0.1225237
         -0.0164599   0.0089038  -0.1329571   0.2759720
         -0.0089038   0.0053435   0.0397085  -0.0688764   0.0373110
          0.0005652   0.0045587  -0.0027502  -0.0005652   0.0045587
         -0.0021060   0.0078873  -0.0005765  -0.0021060  -0.0078873
          0.0001700   0.0029107   0.0000243  -0.0001700   0.0029107
         -0.0717975
          0.0000000  -0.0717809
         -0.0004412   0.0000000   0.6999115
Energy
-40.85607074
-40.65347800
