 Atomic Coordinates

-0.000044509   0.000000000   -0.297463552
0.000684312   0.000000000   2.393376547
1.972074211   0.000000000   -0.817748679
-0.986192559   -1.709178784   -0.819072531
-0.986192559   1.709178784   -0.819072531
0.000157070   0.000000000   3.607207017

 Force Constants 

          0.5859381
          0.0000000   0.5846602
         -0.0016848   0.0000000   0.1405288
          0.0078610   0.0000000   0.0003058  -0.1130522
          0.0000000   0.0077322   0.0000000   0.0000000  -0.1130100
          0.0004200   0.0000000   0.0766155  -0.0004949   0.0000000
         -0.3362205   0.0000000   0.0703607   0.0045467   0.0000000
          0.0000000  -0.0510934   0.0000000   0.0000000   0.0037482
          0.0916944   0.0000000  -0.0396958   0.0173993   0.0000000
         -0.1219973  -0.1227231  -0.0345944   0.0039398   0.0003608
         -0.1224958  -0.2637863  -0.0602232   0.0003201   0.0043667
         -0.0453680  -0.0786866  -0.0402383  -0.0087320  -0.0151363
         -0.1219973   0.1227231  -0.0345944   0.0039398  -0.0003608
          0.1224958  -0.2637863   0.0602232  -0.0003201   0.0043667
         -0.0453680   0.0786866  -0.0402383  -0.0087320   0.0151363
         -0.0135840   0.0000000   0.0002071   0.0927649   0.0000000
          0.0000000  -0.0137264   0.0000000   0.0000000   0.0927962
          0.0003065   0.0000000  -0.0969719   0.0002538   0.0000000
          0.5658551
         -0.0011710   0.3541750
          0.0000000   0.0000000   0.0460476
         -0.0109732  -0.0799122   0.0000000   0.0374131
          0.0004940  -0.0103318  -0.0253039  -0.0100227   0.1226169
          0.0008775   0.0033595   0.0021857  -0.0007382   0.1327096
         -0.0107085   0.0054947   0.0082363   0.0053734   0.0397248
          0.0004940  -0.0103318   0.0253039  -0.0100227   0.0085396
         -0.0008775  -0.0033595   0.0021857   0.0007382   0.0144045
         -0.0107085   0.0054947  -0.0082363   0.0053734   0.0043606
          0.0002579  -0.0018376   0.0000000  -0.0091363  -0.0027671
          0.0000000   0.0000000  -0.0030738   0.0000000   0.0005522
         -0.6100804  -0.0002670   0.0000000   0.0025091   0.0000376
          0.2759602
          0.0688678   0.0375370
         -0.0144045   0.0043606   0.1226169
         -0.0166153   0.0088925  -0.1327096   0.2759602
         -0.0088925   0.0053487   0.0397248  -0.0688678   0.0375370
          0.0005112   0.0045199  -0.0027671  -0.0005112   0.0045199
         -0.0021109   0.0078264  -0.0005522  -0.0021109  -0.0078264
          0.0001087   0.0026877   0.0000376  -0.0001087   0.0026877
         -0.0718090
          0.0000000  -0.0717742
         -0.0003686   0.0000000   0.6991677
Energy
-40.85607074
-40.65347800
