 Atomic Coordinates

-0.000228975   0.000000000   -0.375374169
0.000512097   0.000000000   2.718678534
2.003765652   0.000000000   -0.744016785
-1.001020768   -1.734613593   -0.745368454
-1.001020768   1.734613593   -0.745368454
0.000492070   0.000000000   3.989177293

 Force Constants 

          0.6112430
          0.0000000   0.6130224
         -0.0000608   0.0000000   0.0893003
          0.0064425   0.0000000   0.0001235  -0.0612352
          0.0000000   0.0063973   0.0000000   0.0000000  -0.0612291
          0.0001977   0.0000000   0.0377798  -0.0001122   0.0000000
         -0.3511894   0.0000000   0.0506940   0.0017041   0.0000000
          0.0000000  -0.0546310   0.0000000   0.0000000   0.0016576
          0.0686804   0.0000000  -0.0252828   0.0086148   0.0000000
         -0.1288834  -0.1288377  -0.0253744   0.0016652   0.0000244
         -0.1288390  -0.2780030  -0.0440948   0.0000119   0.0017105
         -0.0344899  -0.0597593  -0.0255356  -0.0042883  -0.0074447
         -0.1288834   0.1288377  -0.0253744   0.0016652  -0.0000244
          0.1288390  -0.2780030   0.0440948  -0.0000119   0.0017105
         -0.0344899   0.0597593  -0.0255356  -0.0042883   0.0074447
         -0.0087293   0.0000000  -0.0000079   0.0497583   0.0000000
          0.0000000  -0.0087827   0.0000000   0.0000000   0.0497532
          0.0001625   0.0000000  -0.0507262  -0.0000496   0.0000000
          0.5184002
         -0.0002476   0.3668498
          0.0000000   0.0000000   0.0469461
         -0.0067398  -0.0584201   0.0000000   0.0217049
          0.0000863  -0.0084774  -0.0250083  -0.0072909   0.1270948
          0.0001607   0.0038820   0.0036563  -0.0007222   0.1389969
         -0.0065663   0.0041989   0.0059070   0.0043190   0.0293949
          0.0000863  -0.0084774   0.0250083  -0.0072909   0.0096817
         -0.0001607  -0.0038820   0.0036563   0.0007222   0.0144318
         -0.0065663   0.0041989  -0.0059070   0.0043190   0.0030152
         -0.0000106  -0.0004096   0.0000000  -0.0042933  -0.0010808
          0.0000000   0.0000000  -0.0012853   0.0000000   0.0003929
         -0.5363076  -0.0004241   0.0000000   0.0016796   0.0001689
          0.2877544
          0.0509468   0.0216780
         -0.0144318   0.0030152   0.1270948
         -0.0145058   0.0066043  -0.1389969   0.2877544
         -0.0066043   0.0042932   0.0293949  -0.0509468   0.0216780
          0.0003799   0.0021692  -0.0010808  -0.0003799   0.0021692
         -0.0006125   0.0037460  -0.0003929  -0.0006125  -0.0037460
          0.0003138   0.0018116   0.0001689  -0.0003138   0.0018116
         -0.0384578
          0.0000000  -0.0384602
         -0.0000266   0.0000000   0.5817310
Energy
-40.87693551
-40.67904532
