 Atomic Coordinates

-0.000228975   0.000000000   -0.375374169
0.000512097   0.000000000   2.718678534
2.003765652   0.000000000   -0.744016785
-1.001020768   -1.734613593   -0.745368454
-1.001020768   1.734613593   -0.745368454
0.000492070   0.000000000   3.989177293

 Force Constants 

          0.6113821
          0.0000000   0.6131752
         -0.0005131   0.0000000   0.0894346
          0.0064340   0.0000000   0.0004094  -0.0611610
          0.0000000   0.0063901   0.0000000   0.0000000  -0.0611644
          0.0004431   0.0000000   0.0378006  -0.0002987   0.0000000
         -0.3514253   0.0000000   0.0507973   0.0016814   0.0000000
          0.0000000  -0.0544304   0.0000000   0.0000000   0.0016461
          0.0687374   0.0000000  -0.0249381   0.0086265   0.0000000
         -0.1288502  -0.1290646  -0.0253744   0.0016769   0.0000385
         -0.1292978  -0.2781956  -0.0441482   0.0000370   0.0017235
         -0.0345355  -0.0598214  -0.0257509  -0.0042462  -0.0074102
         -0.1288502   0.1290646  -0.0253744   0.0016769  -0.0000385
          0.1292978  -0.2781956   0.0441482  -0.0000370   0.0017235
         -0.0345355   0.0598214  -0.0257509  -0.0042462   0.0074102
         -0.0086904   0.0000000   0.0000551   0.0496918   0.0000000
          0.0000000  -0.0087438   0.0000000   0.0000000   0.0496811
          0.0004035   0.0000000  -0.0507953  -0.0002448   0.0000000
          0.5189672
         -0.0002419   0.3670728
          0.0000000   0.0000000   0.0468505
         -0.0069745  -0.0585752   0.0000000   0.0217516
          0.0000774  -0.0084402  -0.0249731  -0.0072440   0.1270711
          0.0001965   0.0038787   0.0036216  -0.0007006   0.1392761
         -0.0064132   0.0042184   0.0059299   0.0043526   0.0293613
          0.0000774  -0.0084402   0.0249731  -0.0072440   0.0096083
         -0.0001965  -0.0038787   0.0036216   0.0007006   0.0143091
         -0.0064132   0.0042184  -0.0059299   0.0043526   0.0030190
         -0.0000574  -0.0004485   0.0000000  -0.0043007  -0.0010659
          0.0000000   0.0000000  -0.0013095   0.0000000   0.0004140
         -0.5369669  -0.0004170   0.0000000   0.0014559   0.0001606
          0.2878483
          0.0509171   0.0215551
         -0.0143091   0.0030190   0.1270711
         -0.0143978   0.0066152  -0.1392761   0.2878483
         -0.0066152   0.0042897   0.0293613  -0.0509171   0.0215551
          0.0004151   0.0021829  -0.0010659  -0.0004151   0.0021829
         -0.0006001   0.0037693  -0.0004140  -0.0006001  -0.0037693
          0.0003504   0.0019667   0.0001606  -0.0003504   0.0019667
         -0.0384211
          0.0000000  -0.0384276
         -0.0000628   0.0000000   0.5823730
Energy
-40.87693551
-40.67904532
