 Atomic Coordinates

-0.000228975   0.000000000   -0.375374169
0.000512097   0.000000000   2.718678534
2.003765652   0.000000000   -0.744016785
-1.001020768   -1.734613593   -0.745368454
-1.001020768   1.734613593   -0.745368454
0.000492070   0.000000000   3.989177293

 Force Constants 

          0.6111390
          0.0000000   0.6132890
         -0.0011004   0.0000000   0.0889260
          0.0064525   0.0000000   0.0001868  -0.0609920
          0.0000000   0.0062811   0.0000000   0.0000000  -0.0609587
          0.0003612   0.0000000   0.0378544  -0.0000909   0.0000000
         -0.3511183   0.0000000   0.0509818   0.0016791   0.0000000
          0.0000000  -0.0547742   0.0000000   0.0000000   0.0016730
          0.0689125   0.0000000  -0.0251834   0.0086344   0.0000000
         -0.1288713  -0.1287084  -0.0250543   0.0016232   0.0000013
         -0.1283372  -0.2779218  -0.0438329  -0.0000560   0.0016860
         -0.0342527  -0.0594404  -0.0254677  -0.0043502  -0.0075377
         -0.1288713   0.1287084  -0.0250543   0.0016232  -0.0000013
          0.1283372  -0.2779218   0.0438329   0.0000560   0.0016860
         -0.0342527   0.0594404  -0.0254677  -0.0043502   0.0075377
         -0.0087304   0.0000000   0.0000404   0.0496141   0.0000000
          0.0000000  -0.0089523   0.0000000   0.0000000   0.0496326
          0.0003320   0.0000000  -0.0506616  -0.0000299   0.0000000
          0.5185597
         -0.0003093   0.3670647
          0.0000000   0.0000000   0.0471797
         -0.0068027  -0.0584993   0.0000000   0.0219090
          0.0000266  -0.0086066  -0.0251883  -0.0074228   0.1273089
          0.0000523   0.0037942   0.0035781  -0.0008533   0.1388988
         -0.0066877   0.0041559   0.0058376   0.0042304   0.0293868
          0.0000266  -0.0086066   0.0251883  -0.0074228   0.0096379
         -0.0000523  -0.0037942   0.0035781   0.0008533   0.0146165
         -0.0066877   0.0041559  -0.0058376   0.0042304   0.0029535
         -0.0000142  -0.0004123   0.0000000  -0.0042019  -0.0010921
          0.0000000   0.0000000  -0.0012346   0.0000000   0.0003801
         -0.5362360  -0.0004851   0.0000000   0.0016161   0.0001102
          0.2879508
          0.0509668   0.0220099
         -0.0146165   0.0029535   0.1273089
         -0.0147092   0.0065380  -0.1388988   0.2879508
         -0.0065380   0.0042065   0.0293868  -0.0509668   0.0220099
          0.0003166   0.0021066  -0.0010921  -0.0003166   0.0021066
         -0.0005838   0.0036357  -0.0003801  -0.0005838  -0.0036357
          0.0002051   0.0017085   0.0001102  -0.0002051   0.0017085
         -0.0382870
          0.0000000  -0.0382780
         -0.0000375   0.0000000   0.5818645
Energy
-40.87693551
-40.67904532
