 Atomic Coordinates

-0.034764213   0.000000000   -0.330102937
-0.031971553   0.000000000   2.324425436
1.942507099   0.000000000   -0.881093814
-0.749624496   -1.891883931   -0.743234941
-0.749624496   1.891883931   -0.743234941
0.002977950   0.000000000   3.976770801

 Force Constants 

          0.4989668
          0.0000000   0.6379695
         -0.0177783   0.0000000   0.0661599
         -0.0211713   0.0000000  -0.0034768   0.0344509
          0.0000000  -0.0226598   0.0000000   0.0000000   0.0376501
         -0.0034245   0.0000000   0.1553935   0.0048944   0.0000000
         -0.3144094   0.0000000   0.0704994   0.0016132   0.0000000
          0.0000000  -0.0461658   0.0000000   0.0000000  -0.0006577
          0.0831098   0.0000000  -0.0465056   0.0126295   0.0000000
         -0.0843210  -0.0840195  -0.0216144  -0.0006185   0.0001786
         -0.0968903  -0.2861647  -0.0483789  -0.0000681  -0.0007046
         -0.0314644  -0.0569413  -0.0279059  -0.0051850  -0.0119533
         -0.0843210   0.0840195  -0.0216144  -0.0006185  -0.0001786
          0.0968903  -0.2861647   0.0483789   0.0000681  -0.0007046
         -0.0314644   0.0569413  -0.0279059  -0.0051850   0.0119533
          0.0052559   0.0000000  -0.0060155  -0.0136557   0.0000000
          0.0000000   0.0031854   0.0000000   0.0000000  -0.0129234
          0.0010220   0.0000000  -0.1192360  -0.0036772   0.0000000
         -0.0798932
         -0.0012601   0.3377657
          0.0000000   0.0000000   0.0541635
         -0.0093235  -0.0790666   0.0000000   0.0438053
          0.0001521  -0.0133670  -0.0297355  -0.0078926   0.0863506
          0.0002388   0.0004539  -0.0037836  -0.0013421   0.1048583
         -0.0215937   0.0047907   0.0072640   0.0048186   0.0227540
          0.0001521  -0.0133670   0.0297355  -0.0078926   0.0123080
         -0.0002388  -0.0004539  -0.0037836   0.0013421   0.0088433
         -0.0215937   0.0047907  -0.0072640   0.0048186   0.0065508
         -0.0005140   0.0017644   0.0000000  -0.0008875  -0.0003521
          0.0000000   0.0000000   0.0002271   0.0000000  -0.0001251
         -0.0229895   0.0002459   0.0000000   0.0023865   0.0000501
          0.2915083
          0.0561481   0.0367524
         -0.0088433   0.0065508   0.0863506
         -0.0010537   0.0067140  -0.1048583   0.2915083
         -0.0067140   0.0013342   0.0227540  -0.0561481   0.0367524
          0.0004895   0.0025540  -0.0003521  -0.0004895   0.0025540
          0.0001983  -0.0012315   0.0001251   0.0001983   0.0012315
          0.0000480   0.0065943   0.0000501  -0.0000480   0.0065943
          0.0073394
          0.0000000   0.0091143
          0.0023091   0.0000000   0.1266503
Energy
-40.87156018
-40.66691657
