 Atomic Coordinates

-0.034764213   0.000000000   -0.330102937
-0.031971553   0.000000000   2.324425436
1.942507099   0.000000000   -0.881093814
-0.749624496   -1.891883931   -0.743234941
-0.749624496   1.891883931   -0.743234941
0.002977950   0.000000000   3.976770801

 Force Constants 

          0.4984346
          0.0000000   0.6386550
         -0.0216281   0.0000000   0.0645000
         -0.0211002   0.0000000  -0.0029745   0.0354454
          0.0000000  -0.0231014   0.0000000   0.0000000   0.0387663
         -0.0026483   0.0000000   0.1560285   0.0047966   0.0000000
         -0.3140672   0.0000000   0.0714034   0.0014811   0.0000000
          0.0000000  -0.0465750   0.0000000   0.0000000  -0.0006141
          0.0837703   0.0000000  -0.0459269   0.0126824   0.0000000
         -0.0842854  -0.0836413  -0.0205035  -0.0007973   0.0001057
         -0.0952098  -0.2857483  -0.0474579  -0.0003267  -0.0008466
         -0.0306523  -0.0558402  -0.0277129  -0.0053796  -0.0122667
         -0.0842854   0.0836413  -0.0205035  -0.0007973  -0.0001057
          0.0952098  -0.2857483   0.0474579   0.0003267  -0.0008466
         -0.0306523   0.0558402  -0.0277129  -0.0053796   0.0122667
          0.0053038   0.0000000  -0.0057938  -0.0142315   0.0000000
          0.0000000   0.0025178   0.0000000   0.0000000  -0.0133577
          0.0018106   0.0000000  -0.1191757  -0.0037453   0.0000000
         -0.0794589
         -0.0014636   0.3383978
          0.0000000   0.0000000   0.0550579
         -0.0096794  -0.0792543   0.0000000   0.0445308
         -0.0000646  -0.0138078  -0.0303394  -0.0083026   0.0870443
         -0.0001334   0.0001377  -0.0041399  -0.0017790   0.1045948
         -0.0219802   0.0046401   0.0070764   0.0045184   0.0226987
         -0.0000646  -0.0138078   0.0303394  -0.0083026   0.0122318
          0.0001334  -0.0001377  -0.0041399   0.0017790   0.0094702
         -0.0219802   0.0046401  -0.0070764   0.0045184   0.0063419
         -0.0005556   0.0018040   0.0000000  -0.0005932  -0.0003855
          0.0000000   0.0000000   0.0004111   0.0000000  -0.0001900
         -0.0229298   0.0000343   0.0000000   0.0020386  -0.0001700
          0.2921320
          0.0562135   0.0378689
         -0.0094702   0.0063419   0.0870443
         -0.0016963   0.0065105  -0.1045948   0.2921320
         -0.0065105   0.0010443   0.0226987  -0.0562135   0.0378689
          0.0002742   0.0023512  -0.0003855  -0.0002742   0.0023512
          0.0002990  -0.0016934   0.0001900   0.0002990   0.0016934
         -0.0003328   0.0062616  -0.0001700   0.0003328   0.0062616
          0.0078948
          0.0000000   0.0098307
          0.0022403   0.0000000   0.1275438
Energy
-40.87156018
-40.66691657
