 Atomic Coordinates

-0.034764213   0.000000000   -0.330102937
-0.031971553   0.000000000   2.324425436
1.942507099   0.000000000   -0.881093814
-0.749624496   -1.891883931   -0.743234941
-0.749624496   1.891883931   -0.743234941
0.002977950   0.000000000   3.976770801

 Force Constants 

          0.4987488
          0.0000000   0.6378885
         -0.0182838   0.0000000   0.0657054
         -0.0211600   0.0000000  -0.0034289   0.0346330
          0.0000000  -0.0227444   0.0000000   0.0000000   0.0378694
         -0.0033185   0.0000000   0.1557427   0.0048928   0.0000000
         -0.3141832   0.0000000   0.0705720   0.0015979   0.0000000
          0.0000000  -0.0463123   0.0000000   0.0000000  -0.0006440
          0.0831305   0.0000000  -0.0464388   0.0126439   0.0000000
         -0.0843248  -0.0838574  -0.0214314  -0.0006571   0.0001604
         -0.0964011  -0.2859420  -0.0481717  -0.0001267  -0.0007356
         -0.0313325  -0.0567031  -0.0278287  -0.0052262  -0.0120135
         -0.0843248   0.0838574  -0.0214314  -0.0006571  -0.0001604
          0.0964011  -0.2859420   0.0481717   0.0001267  -0.0007356
         -0.0313325   0.0567031  -0.0278287  -0.0052262   0.0120135
          0.0052439   0.0000000  -0.0059965  -0.0137568   0.0000000
          0.0000000   0.0030523   0.0000000   0.0000000  -0.0130098
          0.0011367   0.0000000  -0.1193519  -0.0036555   0.0000000
         -0.0802137
         -0.0012997   0.3377244
          0.0000000   0.0000000   0.0543540
         -0.0093679  -0.0789877   0.0000000   0.0439361
          0.0001147  -0.0134679  -0.0298555  -0.0079816   0.0864913
          0.0001586   0.0003861  -0.0038364  -0.0014372   0.1047037
         -0.0217127   0.0047557   0.0072158   0.0047583   0.0227665
          0.0001147  -0.0134679   0.0298555  -0.0079816   0.0123232
         -0.0001586  -0.0003861  -0.0038364   0.0014372   0.0089966
         -0.0217127   0.0047557  -0.0072158   0.0047583   0.0065212
         -0.0005041   0.0017966   0.0000000  -0.0008235  -0.0003647
          0.0000000   0.0000000   0.0002752   0.0000000  -0.0001479
         -0.0227357   0.0002039   0.0000000   0.0023540   0.0000105
          0.2915021
          0.0561595   0.0369905
         -0.0089966   0.0065212   0.0864913
         -0.0011964   0.0066751  -0.1047037   0.2915021
         -0.0066751   0.0012750   0.0227665  -0.0561595   0.0369905
          0.0004346   0.0025152  -0.0003647  -0.0004346   0.0025152
          0.0002084  -0.0013338   0.0001479   0.0002084   0.0013338
         -0.0000341   0.0065176   0.0000105   0.0000341   0.0065176
          0.0074456
          0.0000000   0.0092655
          0.0022938   0.0000000   0.1266985
Energy
-40.87156018
-40.66691657
