 Atomic Coordinates

0.000000000   0.034877277   -0.330426251
0.000000000   0.032458866   2.323632373
1.990610831   -0.343037550   -0.787022078
-0.826644546   -1.774827730   -0.866905873
-1.163966287   1.673011369   -0.707138284
0.000000000   -0.003214428   3.974919930

 Force Constants 

          0.5540284
         -0.0864176   0.5836169
          0.0063723   0.0089442   0.0646299
         -0.0215253   0.0009692  -0.0001428   0.0357547
          0.0010526  -0.0220803   0.0039696  -0.0017422   0.0360422
         -0.0002897   0.0041067   0.1553696   0.0000146  -0.0050863
         -0.2942438   0.0403624   0.0548258   0.0000055  -0.0000881
          0.0516541  -0.0550167  -0.0051685   0.0000871  -0.0006767
          0.0658485  -0.0009207  -0.0323966   0.0129494  -0.0017345
         -0.0919923  -0.0985112  -0.0309208  -0.0002026   0.0008130
         -0.1010427  -0.2625209  -0.0589264   0.0008677   0.0009524
         -0.0379297  -0.0687480  -0.0442196  -0.0056171  -0.0114606
         -0.1506593   0.1424818  -0.0296044  -0.0008926   0.0002713
          0.1336697  -0.2481922   0.0443829   0.0001199  -0.0009937
         -0.0341986   0.0574567  -0.0240401  -0.0071701   0.0107074
          0.0043924   0.0011154  -0.0005300  -0.0131398  -0.0003065
          0.0010840   0.0041933   0.0067982  -0.0003016  -0.0132439
          0.0001972  -0.0008390  -0.1193431  -0.0000340   0.0036043
         -0.0790003
         -0.0008438   0.3153317
         -0.0004052  -0.0378424   0.0510744
         -0.0183585  -0.0614359   0.0092583   0.0382592
          0.0010844  -0.0239281  -0.0297504  -0.0077914   0.1069020
          0.0008095   0.0003455  -0.0024319  -0.0013854   0.1099815
         -0.0105745   0.0049360   0.0052465   0.0054207   0.0327470
          0.0000173   0.0022056   0.0164899  -0.0094753   0.0088114
          0.0001205  -0.0028682   0.0073044  -0.0018842   0.0170641
         -0.0238090   0.0024695  -0.0089502   0.0016490   0.0051021
          0.0000172   0.0006292  -0.0006383  -0.0000953   0.0004097
          0.0004546   0.0000906  -0.0002536  -0.0033335   0.0004031
         -0.0236274   0.0000484   0.0000190   0.0054262  -0.0002213
          0.2770097
          0.0672176   0.0425565
         -0.0108892   0.0041237   0.1409282
         -0.0144305   0.0079934  -0.1480030   0.2566361
         -0.0075100   0.0037829   0.0348937  -0.0503978   0.0351523
          0.0007373   0.0017401  -0.0003933   0.0000175  -0.0010966
          0.0014213  -0.0002489  -0.0003508  -0.0003241  -0.0013061
         -0.0002053   0.0030341   0.0000450  -0.0002148   0.0072649
          0.0081017
         -0.0009253   0.0082071
         -0.0000354  -0.0023642   0.1272452
Energy
-40.87121076
-40.66652243
