 Atomic Coordinates

0.000000000   0.034877277   -0.330426251
0.000000000   0.032458866   2.323632373
1.990610831   -0.343037550   -0.787022078
-0.826644546   -1.774827730   -0.866905873
-1.163966287   1.673011369   -0.707138284
0.000000000   -0.003214428   3.974919930

 Force Constants 

          0.5538535
         -0.0868838   0.5834840
          0.0060258   0.0083590   0.0642301
         -0.0215327   0.0010345  -0.0001248   0.0359053
          0.0011163  -0.0220861   0.0039982  -0.0017549   0.0361808
         -0.0002121   0.0041833   0.1557217   0.0000259  -0.0050664
         -0.2940315   0.0403462   0.0548603   0.0000019  -0.0001101
          0.0516861  -0.0550982  -0.0050172   0.0000725  -0.0006847
          0.0658669  -0.0007391  -0.0323385   0.0129567  -0.0017638
         -0.0919615  -0.0982106  -0.0307824  -0.0002296   0.0007924
         -0.1007076  -0.2623513  -0.0586917   0.0008452   0.0009206
         -0.0378762  -0.0685776  -0.0441725  -0.0056373  -0.0115056
         -0.1507139   0.1425652  -0.0294735  -0.0009239   0.0002671
          0.1336799  -0.2481063   0.0445178   0.0001094  -0.0010183
         -0.0340850   0.0575340  -0.0239866  -0.0072102   0.0107145
          0.0043861   0.0011485  -0.0005054  -0.0132210  -0.0003109
          0.0011091   0.0041579   0.0068338  -0.0003067  -0.0133122
          0.0002805  -0.0007596  -0.1194543  -0.0000103   0.0036232
         -0.0793658
         -0.0008787   0.3152544
         -0.0004311  -0.0377680   0.0511803
         -0.0184127  -0.0613501   0.0092134   0.0383528
          0.0010559  -0.0240473  -0.0298745  -0.0078775   0.1070224
          0.0007815   0.0003130  -0.0024178  -0.0014359   0.1098027
         -0.0106900   0.0049260   0.0052208   0.0053999   0.0327584
         -0.0000114   0.0021655   0.0165265  -0.0095502   0.0088273
          0.0000810  -0.0028710   0.0072550  -0.0019243   0.0171042
         -0.0238936   0.0024300  -0.0089756   0.0015936   0.0050995
          0.0000204   0.0006571  -0.0006426  -0.0000458   0.0003888
          0.0004517   0.0000898  -0.0002345  -0.0033503   0.0003859
         -0.0233596   0.0000126  -0.0000104   0.0054049  -0.0002539
          0.2769869
          0.0671808   0.0427513
         -0.0109779   0.0041220   0.1410472
         -0.0145545   0.0079913  -0.1480334   0.2567438
         -0.0075959   0.0037780   0.0349013  -0.0504091   0.0352828
          0.0007246   0.0017071  -0.0004022   0.0000109  -0.0011356
          0.0014161  -0.0003096  -0.0003475  -0.0003197  -0.0012679
         -0.0002389   0.0029333   0.0000117  -0.0002566   0.0072258
          0.0081912
         -0.0009305   0.0082924
         -0.0000407  -0.0023577   0.1272499
Energy
-40.87121076
-40.66652243
