 Atomic Coordinates

0.000000000   0.034877277   -0.330426251
0.000000000   0.032458866   2.323632373
1.990610831   -0.343037550   -0.787022078
-0.826644546   -1.774827730   -0.866905873
-1.163966287   1.673011369   -0.707138284
0.000000000   -0.003214428   3.974919930

 Force Constants 

          0.5536659
         -0.0890715   0.5833900
          0.0035038   0.0057716   0.0634658
         -0.0215149   0.0013325   0.0002138   0.0365461
          0.0014143  -0.0221112   0.0043504  -0.0017919   0.0368193
          0.0003074   0.0046943   0.1559569  -0.0000344  -0.0051246
         -0.2939329   0.0408985   0.0555211  -0.0000964  -0.0001884
          0.0522555  -0.0551281  -0.0043785   0.0000026  -0.0007728
          0.0663517  -0.0000262  -0.0319963   0.0129969  -0.0018740
         -0.0919111  -0.0976267  -0.0301395  -0.0003216   0.0007240
         -0.1000469  -0.2622473  -0.0579326   0.0007611   0.0008314
         -0.0375657  -0.0681516  -0.0443081  -0.0057223  -0.0116642
         -0.1506827   0.1431844  -0.0287288  -0.0010410   0.0001842
          0.1342506  -0.2480106   0.0452423   0.0000293  -0.0011218
         -0.0334069   0.0579605  -0.0237800  -0.0073621   0.0107503
          0.0043758   0.0012828  -0.0003704  -0.0135722  -0.0003423
          0.0011980   0.0041074   0.0069468  -0.0003336  -0.0136449
          0.0008098  -0.0002485  -0.1193384  -0.0000919   0.0035621
         -0.0788053
         -0.0010238   0.3158178
         -0.0005645  -0.0379344   0.0515389
         -0.0186640  -0.0615637   0.0090517   0.0388254
          0.0009239  -0.0243642  -0.0302756  -0.0081158   0.1074376
          0.0006274   0.0001610  -0.0025630  -0.0016335   0.1097061
         -0.0108551   0.0048976   0.0052066   0.0052740   0.0327237
         -0.0001660   0.0019178   0.0166291  -0.0098170   0.0087749
         -0.0000738  -0.0030090   0.0071481  -0.0021183   0.0171029
         -0.0241347   0.0023011  -0.0091723   0.0014036   0.0049927
         -0.0000071   0.0006579  -0.0006770   0.0001478   0.0003844
          0.0004413   0.0000724  -0.0002231  -0.0033997   0.0003695
         -0.0234978  -0.0001323  -0.0001429   0.0051574  -0.0003851
          0.2774934
          0.0671583   0.0434241
         -0.0112789   0.0040821   0.1414400
         -0.0149396   0.0079719  -0.1483594   0.2572455
         -0.0078280   0.0036917   0.0347714  -0.0506114   0.0358174
          0.0006976   0.0015845  -0.0004090  -0.0000143  -0.0012962
          0.0014251  -0.0005210  -0.0003594  -0.0003217  -0.0010989
         -0.0003915   0.0027734  -0.0001417  -0.0004107   0.0070019
          0.0085631
         -0.0009468   0.0086572
         -0.0000587  -0.0023685   0.1279036
Energy
-40.87121076
-40.66652243
