 Atomic Coordinates

0.000000000   -0.031468618   -0.330426251
0.000000000   0.434559627   2.323632373
1.990610831   0.048119237   -0.787022078
-1.012219249   -1.705094918   -0.928696564
-0.978391583   1.742744181   -0.645347593
0.000000000   -0.145333707   3.974919930

 Force Constants 

          0.5961706
          0.0152160   0.5842173
         -0.0062461   0.0079375   0.0604304
         -0.0221637  -0.0033756   0.0007556   0.0444433
         -0.0031920  -0.0244707  -0.0084948   0.0004183   0.0586865
          0.0032780   0.0367728   0.1564765  -0.0002095  -0.0250360
         -0.3355697  -0.0097823   0.0642998  -0.0004750   0.0003600
         -0.0149632  -0.0523047  -0.0006916   0.0042975  -0.0013807
          0.0773562   0.0024054  -0.0335484   0.0123314   0.0002154
         -0.1283474  -0.1223697  -0.0381906   0.0024125   0.0018467
         -0.1199458  -0.2529310  -0.0684520  -0.0002684   0.0005044
         -0.0473715  -0.0827202  -0.0560161  -0.0057819  -0.0092744
         -0.1155243   0.1190294  -0.0209519  -0.0045517   0.0007977
          0.1213857  -0.2676772   0.0361764  -0.0008259  -0.0018220
         -0.0273472   0.0527497  -0.0141303  -0.0068448   0.0115759
          0.0054345   0.0012821   0.0003332  -0.0196653  -0.0002307
          0.0014994   0.0131663   0.0335244  -0.0002459  -0.0315174
          0.0003305  -0.0171452  -0.1132122  -0.0002508   0.0310139
         -0.1279014
         -0.0018171   0.3538154
          0.0015257   0.0110429   0.0477750
         -0.0177491  -0.0711818   0.0007883   0.0407464
         -0.0010274  -0.0082698  -0.0239329  -0.0104459   0.1256747
          0.0002483   0.0029333   0.0023821  -0.0005323   0.1314244
          0.0012846   0.0042760   0.0075049   0.0038838   0.0447944
         -0.0000783  -0.0104354   0.0260342  -0.0082401   0.0093042
          0.0015449  -0.0041612   0.0032435  -0.0008047   0.0132139
         -0.0375882   0.0042060  -0.0084440   0.0021875   0.0047992
         -0.0001457   0.0009345  -0.0024785   0.0001801  -0.0007742
         -0.0150558  -0.0003927   0.0002848  -0.0020720  -0.0001825
          0.0254775   0.0002171  -0.0006834   0.0044797   0.0000701
          0.2638904
          0.0778272   0.0493695
         -0.0153680   0.0040886   0.1200357
         -0.0152808   0.0063997  -0.1299566   0.2815988
         -0.0092919   0.0033797   0.0256619  -0.0428867   0.0349237
          0.0012245  -0.0000056   0.0011716   0.0003441  -0.0004752
          0.0014349   0.0002628  -0.0005367  -0.0000623  -0.0037031
          0.0002007  -0.0019015  -0.0004803  -0.0004296   0.0112275
          0.0128989
         -0.0001416   0.0166937
          0.0001133  -0.0129564   0.0739290
Energy
-40.87246544
-40.66876471
