 Atomic Coordinates

0.000000000   -0.031468618   -0.330426251
0.000000000   0.434559627   2.323632373
1.990610831   0.048119237   -0.787022078
-1.012219249   -1.705094918   -0.928696564
-0.978391583   1.742744181   -0.645347593
0.000000000   -0.145333707   3.974919930

 Force Constants 

          0.5965107
          0.0185461   0.5847475
         -0.0028686   0.0118794   0.0619086
         -0.0221338  -0.0038234   0.0003201   0.0435572
         -0.0036534  -0.0245203  -0.0090139   0.0004775   0.0577706
          0.0025264   0.0358898   0.1557903  -0.0001226  -0.0250678
         -0.3359003  -0.0105308   0.0634811  -0.0003829   0.0004923
         -0.0158333  -0.0523473  -0.0018190   0.0043622  -0.0012247
          0.0767558   0.0013508  -0.0341093   0.0122889   0.0003644
         -0.1284846  -0.1235783  -0.0392343   0.0024888   0.0019888
         -0.1211131  -0.2531049  -0.0695082  -0.0000999   0.0006532
         -0.0478137  -0.0833987  -0.0557800  -0.0056540  -0.0090608
         -0.1154464   0.1183360  -0.0218190  -0.0043388   0.0008964
          0.1208230  -0.2678796   0.0352987  -0.0007107  -0.0016722
         -0.0282351   0.0521938  -0.0145810  -0.0066451   0.0115497
          0.0054543   0.0010505   0.0001207  -0.0191905  -0.0002016
          0.0012308   0.0131046   0.0331630  -0.0002057  -0.0310067
         -0.0003647  -0.0179150  -0.1132286  -0.0001873   0.0312283
         -0.1282706
         -0.0015950   0.3532914
          0.0017745   0.0112036   0.0473225
         -0.0173674  -0.0710390   0.0010972   0.0401396
         -0.0007976  -0.0078059  -0.0232793  -0.0100436   0.1251853
          0.0004766   0.0031417   0.0024966  -0.0002740   0.1317566
          0.0014643   0.0043266   0.0075738   0.0040445   0.0448371
          0.0001006  -0.0101047   0.0259058  -0.0078791   0.0093254
          0.0017952  -0.0039736   0.0034594  -0.0005429   0.0131948
         -0.0371105   0.0044082  -0.0081437   0.0024901   0.0049580
         -0.0001118   0.0009023  -0.0023589  -0.0000830  -0.0007091
         -0.0148683  -0.0003332   0.0002935  -0.0019956  -0.0000826
          0.0254939   0.0004181  -0.0004828   0.0048024   0.0002804
          0.2632793
          0.0778771   0.0484219
         -0.0149485   0.0041189   0.1194032
         -0.0147737   0.0064275  -0.1297098   0.2809021
         -0.0089537   0.0035027   0.0257790  -0.0427340   0.0341621
          0.0012632   0.0001851   0.0011613   0.0003764  -0.0002650
          0.0014495   0.0005811  -0.0004798  -0.0000360  -0.0039121
          0.0003822  -0.0016535  -0.0003004  -0.0002446   0.0115365
          0.0123817
         -0.0001295   0.0161950
          0.0001540  -0.0129682   0.0730492
Energy
-40.87246544
-40.66876471
