 Atomic Coordinates

0.000000000   -0.031468618   -0.330426251
0.000000000   0.434559627   2.323632373
1.990610831   0.048119237   -0.787022078
-1.012219249   -1.705094918   -0.928696564
-0.978391583   1.742744181   -0.645347593
0.000000000   -0.145333707   3.974919930

 Force Constants 

          0.5963747
          0.0178352   0.5845560
         -0.0032884   0.0110435   0.0614888
         -0.0221658  -0.0037189   0.0003671   0.0437258
         -0.0035618  -0.0245269  -0.0089138   0.0004653   0.0579703
          0.0026393   0.0361185   0.1561512  -0.0001275  -0.0249919
         -0.3356756  -0.0104439   0.0635334  -0.0003754   0.0004596
         -0.0156789  -0.0524110  -0.0015926   0.0043395  -0.0012499
          0.0767624   0.0015658  -0.0340080   0.0122963   0.0003338
         -0.1284499  -0.1232074  -0.0390908   0.0024772   0.0019596
         -0.1206806  -0.2529896  -0.0692530  -0.0001458   0.0006168
         -0.0477639  -0.0832302  -0.0558493  -0.0056712  -0.0091044
         -0.1155195   0.1184168  -0.0216740  -0.0043838   0.0008849
          0.1207940  -0.2677409   0.0354156  -0.0007224  -0.0016975
         -0.0280999   0.0522605  -0.0144307  -0.0066849   0.0115468
          0.0054361   0.0011183   0.0001527  -0.0192780  -0.0002075
          0.0012922   0.0131124   0.0333003  -0.0002178  -0.0311129
         -0.0002495  -0.0177581  -0.1133519  -0.0001798   0.0311296
         -0.1285402
         -0.0016448   0.3531943
          0.0017294   0.0112117   0.0474304
         -0.0174427  -0.0709413   0.0010245   0.0402426
         -0.0008302  -0.0079258  -0.0234165  -0.0101228   0.1252716
          0.0004284   0.0031091   0.0025272  -0.0003167   0.1315296
          0.0014386   0.0043248   0.0075499   0.0040133   0.0448420
          0.0000729  -0.0101529   0.0259292  -0.0079660   0.0093606
          0.0017407  -0.0039956   0.0033976  -0.0005981   0.0132483
         -0.0372794   0.0043549  -0.0081910   0.0024349   0.0049558
         -0.0001096   0.0009354  -0.0023851  -0.0000286  -0.0007336
         -0.0150250  -0.0003407   0.0003057  -0.0020093  -0.0001136
          0.0256725   0.0003730  -0.0005202   0.0047598   0.0002460
          0.2633047
          0.0778435   0.0486255
         -0.0150560   0.0041243   0.1195385
         -0.0148988   0.0064269  -0.1296868   0.2809685
         -0.0090464   0.0034885   0.0257804  -0.0426966   0.0343160
          0.0012437   0.0001440   0.0011571   0.0003625  -0.0003063
          0.0014397   0.0005144  -0.0004881  -0.0000290  -0.0038734
          0.0003441  -0.0017166  -0.0003376  -0.0002885   0.0114708
          0.0124831
         -0.0001320   0.0162840
          0.0001478  -0.0129069   0.0731654
Energy
-40.87246544
-40.66876471
