 Atomic Coordinates

-0.031060675   0.000000000   -0.328810488
0.436482568   0.000000000   2.327850579
1.996524632   0.000000000   -0.637817283
-0.956585585   -1.737834369   -0.876870824
-0.956585585   1.737834369   -0.876870824
-0.149705021   0.000000000   3.981939497

 Force Constants 

          0.5666045
          0.0000000   0.6135567
          0.0120053   0.0000000   0.0651025
         -0.0212646   0.0000000  -0.0095341   0.0576170
          0.0000000  -0.0262877   0.0000000   0.0000000   0.0444470
          0.0339275   0.0000000   0.1561255  -0.0240055   0.0000000
         -0.3324490   0.0000000   0.0404487  -0.0025545   0.0000000
          0.0000000  -0.0492680   0.0000000   0.0000000  -0.0040257
          0.0599344   0.0000000  -0.0129732   0.0134502   0.0000000
         -0.1124423  -0.1125814  -0.0381987  -0.0014449  -0.0025382
         -0.1171402  -0.2722006  -0.0640029   0.0010880   0.0027412
         -0.0441469  -0.0773503  -0.0476880  -0.0052925  -0.0101520
         -0.1124423   0.1125814  -0.0381987  -0.0014449   0.0025382
          0.1171402  -0.2722006   0.0640029  -0.0010880   0.0027412
         -0.0441469   0.0773503  -0.0476880  -0.0052925   0.0101520
          0.0119936   0.0000000   0.0334777  -0.0309081   0.0000000
          0.0000000   0.0064000   0.0000000   0.0000000  -0.0196160
         -0.0175735   0.0000000  -0.1128787   0.0306745   0.0000000
         -0.1315423
          0.0019316   0.3525017
          0.0000000   0.0000000   0.0473265
         -0.0398902  -0.0491789   0.0000000   0.0342527
          0.0019371  -0.0088467  -0.0257929  -0.0099836   0.1131660
          0.0003526   0.0033255   0.0025277  -0.0000351   0.1255451
         -0.0061380   0.0034429   0.0069591   0.0030923   0.0419529
          0.0019371  -0.0088467   0.0257929  -0.0099836   0.0083277
         -0.0003526  -0.0033255   0.0025277   0.0000351   0.0130418
         -0.0061380   0.0034429  -0.0069591   0.0030923   0.0045482
         -0.0157278   0.0001951   0.0000000  -0.0042385   0.0012402
          0.0000000   0.0000000   0.0009117   0.0000000   0.0023257
          0.0275830  -0.0000871   0.0000000   0.0124260  -0.0002559
          0.2810234
          0.0719637   0.0456286
         -0.0130418   0.0045482   0.1131660
         -0.0140535   0.0082980  -0.1255451   0.2810234
         -0.0082980   0.0041505   0.0419529  -0.0719637   0.0456286
          0.0002233  -0.0005046   0.0012402  -0.0002233  -0.0005046
         -0.0000383   0.0002816  -0.0023257  -0.0000383  -0.0002816
          0.0000197   0.0009545  -0.0002559  -0.0000197   0.0009545
          0.0162389
          0.0000000   0.0123808
         -0.0125022   0.0000000   0.0709606
Energy
-40.87244071
-40.66877799
