 Atomic Coordinates

-0.031060675   0.000000000   -0.328810488
0.436482568   0.000000000   2.327850579
1.996524632   0.000000000   -0.637817283
-0.956585585   -1.737834369   -0.876870824
-0.956585585   1.737834369   -0.876870824
-0.149705021   0.000000000   3.981939497

 Force Constants 

          0.5663741
          0.0000000   0.6136596
          0.0113934   0.0000000   0.0646765
         -0.0212659   0.0000000  -0.0094394   0.0578174
          0.0000000  -0.0264245   0.0000000   0.0000000   0.0446537
          0.0341669   0.0000000   0.1564922  -0.0239327   0.0000000
         -0.3321930   0.0000000   0.0405245  -0.0025664   0.0000000
          0.0000000  -0.0494828   0.0000000   0.0000000  -0.0040185
          0.0599582   0.0000000  -0.0127797   0.0134471   0.0000000
         -0.1124581  -0.1123703  -0.0380401  -0.0014831  -0.0025713
         -0.1166048  -0.2720147  -0.0638058   0.0010374   0.0027383
         -0.0440526  -0.0771231  -0.0476933  -0.0053252  -0.0102117
         -0.1124581   0.1123703  -0.0380401  -0.0014831   0.0025713
          0.1166048  -0.2720147   0.0638058  -0.0010374   0.0027383
         -0.0440526   0.0771231  -0.0476933  -0.0053252   0.0102117
          0.0120010   0.0000000   0.0336015  -0.0310189   0.0000000
          0.0000000   0.0062772   0.0000000   0.0000000  -0.0196873
         -0.0174133   0.0000000  -0.1130023   0.0305754   0.0000000
         -0.1318071
          0.0018639   0.3523953
          0.0000000   0.0000000   0.0475043
         -0.0400639  -0.0490724   0.0000000   0.0343768
          0.0018918  -0.0089334  -0.0258946  -0.0100705   0.1132898
          0.0002897   0.0032881   0.0025160  -0.0000988   0.1253186
         -0.0061904   0.0034103   0.0069168   0.0030504   0.0419792
          0.0018918  -0.0089334   0.0258946  -0.0100705   0.0083548
         -0.0002897  -0.0032881   0.0025160   0.0000988   0.0132065
         -0.0061904   0.0034103  -0.0069168   0.0030504   0.0045313
         -0.0158818   0.0002309   0.0000000  -0.0041918   0.0012299
          0.0000000   0.0000000   0.0009651   0.0000000   0.0023111
          0.0277597  -0.0001367   0.0000000   0.0123660  -0.0002918
          0.2810164
          0.0719428   0.0458401
         -0.0132065   0.0045313   0.1132898
         -0.0142261   0.0082765  -0.1253186   0.2810164
         -0.0082765   0.0040957   0.0419792  -0.0719428   0.0458401
          0.0001672  -0.0005430   0.0012299  -0.0001672  -0.0005430
         -0.0000298   0.0001988  -0.0023111  -0.0000298  -0.0001988
         -0.0000514   0.0008976  -0.0002918   0.0000514   0.0008976
          0.0163272
          0.0000000   0.0125048
         -0.0124418   0.0000000   0.0710815
Energy
-40.87244071
-40.66877799
