 Atomic Coordinates

-0.031060675   0.000000000   -0.328810488
0.436482568   0.000000000   2.327850579
1.996524632   0.000000000   -0.637817283
-0.956585585   -1.737834369   -0.876870824
-0.956585585   1.737834369   -0.876870824
-0.149705021   0.000000000   3.981939497

 Force Constants 

          0.5659973
          0.0000000   0.6143999
          0.0083364   0.0000000   0.0636544
         -0.0212039   0.0000000  -0.0090178   0.0585440
          0.0000000  -0.0268094   0.0000000   0.0000000   0.0454580
          0.0348258   0.0000000   0.1568150  -0.0239745   0.0000000
         -0.3320638   0.0000000   0.0413054  -0.0026985   0.0000000
          0.0000000  -0.0497542   0.0000000   0.0000000  -0.0040465
          0.0605587   0.0000000  -0.0123206   0.0134742   0.0000000
         -0.1123966  -0.1121890  -0.0372254  -0.0016048  -0.0026883
         -0.1154788  -0.2718240  -0.0631788   0.0008493   0.0026967
         -0.0434423  -0.0763234  -0.0476339  -0.0054739  -0.0104410
         -0.1123966   0.1121890  -0.0372254  -0.0016048   0.0026883
          0.1154788  -0.2718240   0.0631788  -0.0008493   0.0026967
         -0.0434423   0.0763234  -0.0476339  -0.0054739   0.0104410
          0.0120636   0.0000000   0.0338269  -0.0314320   0.0000000
          0.0000000   0.0058118   0.0000000   0.0000000  -0.0199955
         -0.0168364   0.0000000  -0.1128810   0.0304659   0.0000000
         -0.1311619
          0.0016733   0.3530660
          0.0000000   0.0000000   0.0480862
         -0.0404208  -0.0493040   0.0000000   0.0349157
          0.0016974  -0.0092520  -0.0263152  -0.0103668   0.1138538
          0.0000201   0.0030612   0.0023127  -0.0003895   0.1252104
         -0.0064063   0.0033019   0.0067863   0.0028560   0.0419564
          0.0016974  -0.0092520   0.0263152  -0.0103668   0.0081844
         -0.0000201  -0.0030612   0.0023127   0.0003895   0.0136429
         -0.0064063   0.0033019  -0.0067863   0.0028560   0.0043698
         -0.0159194   0.0002001   0.0000000  -0.0039953   0.0012151
          0.0000000   0.0000000   0.0010891   0.0000000   0.0023392
          0.0275802  -0.0002785   0.0000000   0.0121138  -0.0004314
          0.2815046
          0.0719637   0.0466321
         -0.0136429   0.0043698   0.1138538
         -0.0147443   0.0081225  -0.1252104   0.2815046
         -0.0081225   0.0038639   0.0419564  -0.0719637   0.0466321
          0.0000007  -0.0007120   0.0012151  -0.0000007  -0.0007120
          0.0000544  -0.0001082  -0.0023392   0.0000544   0.0001082
         -0.0002930   0.0006882  -0.0004314   0.0002930   0.0006882
          0.0167381
          0.0000000   0.0129859
         -0.0124882   0.0000000   0.0718107
Energy
-40.87244071
-40.66877799
