 Atomic Coordinates

0.000000000   -0.028195056   -0.330426251
0.000000000   -0.001190986   2.323632373
1.990610831   -0.005605981   -0.787022078
-0.893275502   -1.552804466   -0.742212906
-1.097335330   1.895034633   -0.831831251
0.000000000   0.000549796   3.974919930

 Force Constants 

          0.6026625
          0.2672818   0.7032609
          0.0286762   0.1433069   0.0365823
         -0.0198864   0.0003319  -0.0023872   0.0356285
          0.0003938  -0.0201316  -0.0097151  -0.0002742   0.0354344
         -0.0001439  -0.0021631   0.1567249  -0.0001431   0.0002621
         -0.3385785  -0.0108655   0.0638120   0.0001643   0.0001833
         -0.0297714  -0.0480226   0.0024946   0.0013203  -0.0006736
          0.0754419  -0.0004904  -0.0322479   0.0130665   0.0007738
         -0.1851331  -0.2920137  -0.0777686  -0.0018210   0.0009923
         -0.2903144  -0.4991918  -0.1333121   0.0006246  -0.0013590
         -0.0926956  -0.1594372  -0.0034958  -0.0032850  -0.0054476
         -0.0669548   0.0326543  -0.0076282  -0.0004758   0.0003756
          0.0497019  -0.1435529   0.0172348  -0.0003333   0.0006516
         -0.0114941   0.0186698  -0.0375402  -0.0072309   0.0136771
          0.0078903   0.0026111  -0.0047042  -0.0136097  -0.0016708
          0.0027082   0.0076380  -0.0200091  -0.0016693  -0.0139218
          0.0002156   0.0001140  -0.1200232  -0.0000203   0.0004496
         -0.0795368
         -0.0010905   0.3549654
         -0.0004310   0.0065590   0.0442156
         -0.0178917  -0.0713281  -0.0019411   0.0398183
          0.0016156  -0.0103420  -0.0126937  -0.0085061   0.1979870
          0.0021670   0.0056868  -0.0028520   0.0003674   0.2903203
         -0.0210086   0.0046617   0.0072023   0.0009611   0.0805888
         -0.0002203  -0.0070388   0.0326161  -0.0084291   0.0019234
          0.0001114  -0.0020963   0.0075108   0.0002880   0.0126737
         -0.0148865   0.0037632  -0.0074365   0.0040852   0.0045011
         -0.0000178   0.0008295   0.0019697  -0.0002451  -0.0026143
          0.0000536   0.0005327  -0.0001782   0.0010023   0.0007211
         -0.0234013   0.0001818   0.0001118   0.0052749  -0.0004309
          0.5178075
          0.1375025   0.0157425
         -0.0067466   0.0032424   0.0722708
         -0.0116457   0.0072066  -0.0591836   0.1445121
         -0.0062320   0.0011590   0.0129566  -0.0247057   0.0429240
          0.0004293   0.0074877   0.0002752  -0.0007624  -0.0024959
         -0.0027591   0.0129734   0.0002842   0.0025242   0.0060272
         -0.0004929   0.0066418   0.0000786  -0.0001351   0.0042585
          0.0072290
         -0.0025769   0.0066969
         -0.0000248  -0.0000474   0.1272492
Energy
-40.85979195
-40.65608496
