 Atomic Coordinates

-0.001579011   0.000000000   -0.372255321
0.018175503   0.000000000   2.182601630
2.050772135   0.000000000   -0.520859572
-1.021207516   -1.778514167   -0.526486949
-1.021207516   1.778514167   -0.526486949
-0.007716502   0.000000000   3.827169015

 Force Constants 

          0.6018044
          0.0000000   0.6078137
         -0.0004033   0.0000000  -0.0048956
         -0.0175049   0.0000000  -0.0006902   0.0347442
          0.0000000  -0.0180003   0.0000000   0.0000000   0.0348504
          0.0012410   0.0000000   0.1579119  -0.0017465   0.0000000
         -0.3371403   0.0000000   0.0207075  -0.0033874   0.0000000
          0.0000000  -0.0561995   0.0000000   0.0000000  -0.0013940
          0.0216662   0.0000000  -0.0066131   0.0154054   0.0000000
         -0.1262642  -0.1219499  -0.0106478  -0.0018517  -0.0009173
         -0.1221383  -0.2694774  -0.0184381  -0.0008347  -0.0026425
         -0.0109740  -0.0190918  -0.0074302  -0.0076767  -0.0133114
         -0.1262642   0.1219499  -0.0106478  -0.0018517   0.0009173
          0.1221383  -0.2694774   0.0184381   0.0008347  -0.0026425
         -0.0109740   0.0190918  -0.0074302  -0.0076767   0.0133114
          0.0053692   0.0000000   0.0016818  -0.0101485   0.0000000
          0.0000000   0.0053409   0.0000000   0.0000000  -0.0101712
         -0.0005559   0.0000000  -0.1315428   0.0023847   0.0000000
         -0.0488663
          0.0042823   0.3530101
          0.0000000   0.0000000   0.0481705
         -0.0276815  -0.0271422   0.0000000   0.0254702
         -0.0019889  -0.0061514  -0.0246707  -0.0057305   0.1240644
         -0.0035869   0.0042317   0.0054456   0.0006660   0.1325568
         -0.0264620   0.0021390   0.0052190   0.0000401   0.0139606
         -0.0019889  -0.0061514   0.0246707  -0.0057305   0.0113595
          0.0035869  -0.0042317   0.0054456  -0.0006660   0.0143512
         -0.0264620   0.0021390  -0.0052190   0.0000401   0.0034520
          0.0002012  -0.0001796   0.0000000   0.0015316  -0.0011567
          0.0000000   0.0000000  -0.0014683   0.0000000   0.0006299
         -0.0284399  -0.0021255   0.0000000   0.0087443   0.0009547
          0.2788098
          0.0241217   0.0253957
         -0.0143512   0.0034520   0.1240644
         -0.0116352   0.0044791  -0.1325568   0.2788098
         -0.0044791   0.0000128   0.0139606  -0.0241217   0.0253957
          0.0005357  -0.0009009  -0.0011567  -0.0005357  -0.0009009
         -0.0005004  -0.0014166  -0.0006299  -0.0005004   0.0014166
          0.0017164   0.0084437   0.0009547  -0.0017164   0.0084437
          0.0072722
          0.0000000   0.0072995
         -0.0016128   0.0000000   0.1343511
Energy
-40.87375616
-40.66775659
