 Atomic Coordinates

0.000000000   -0.028195056   -0.330426251
0.000000000   -0.001190986   2.323632373
1.990610831   -0.005605981   -0.787022078
-0.893275502   -1.552804466   -0.742212906
-1.097335330   1.895034633   -0.831831251
0.000000000   0.000549796   3.974919930

 Force Constants 

          0.6025435
          0.2659755   0.7029844
          0.0281308   0.1424449   0.0360787
         -0.0198942   0.0004602  -0.0023314   0.0358616
          0.0005320  -0.0201076  -0.0096403  -0.0002925   0.0356435
         -0.0000117  -0.0020250   0.1570871  -0.0001375   0.0002591
         -0.3383439  -0.0107645   0.0639184   0.0001540   0.0001467
         -0.0295345  -0.0481488   0.0028031   0.0012860  -0.0007061
          0.0754990  -0.0002088  -0.0321362   0.0130729   0.0007301
         -0.1851092  -0.2912886  -0.0776259  -0.0018653   0.0009461
         -0.2895293  -0.4989637  -0.1330900   0.0005878  -0.0014165
         -0.0926925  -0.1592800  -0.0034324  -0.0033139  -0.0055086
         -0.0670765   0.0329129  -0.0074217  -0.0005158   0.0003504
          0.0497345  -0.1434209   0.0174458  -0.0003590   0.0006209
         -0.0112842   0.0188082  -0.0374654  -0.0072861   0.0136941
          0.0078803   0.0027045  -0.0046702  -0.0137403  -0.0016827
          0.0028218   0.0076565  -0.0199635  -0.0016824  -0.0140342
          0.0003587   0.0002607  -0.1201318  -0.0000041   0.0004656
         -0.0798293
         -0.0011453   0.3549162
         -0.0004757   0.0065678   0.0443561
         -0.0179670  -0.0712468  -0.0020326   0.0399503
          0.0015682  -0.0104848  -0.0128914  -0.0086103   0.1981041
          0.0021136   0.0056773  -0.0027553   0.0003160   0.2898116
         -0.0211605   0.0046502   0.0071577   0.0009212   0.0806649
         -0.0002568  -0.0071069   0.0326128  -0.0085419   0.0019983
          0.0000728  -0.0021513   0.0074191   0.0002129   0.0127655
         -0.0149741   0.0036992  -0.0075153   0.0040014   0.0044887
         -0.0000168   0.0008654   0.0019595  -0.0001728  -0.0026431
          0.0000552   0.0005242  -0.0001651   0.0009824   0.0006569
         -0.0231561   0.0001243   0.0000628   0.0052302  -0.0004856
          0.5177713
          0.1375431   0.0160181
         -0.0069235   0.0032469   0.0724302
         -0.0118351   0.0071927  -0.0592186   0.1446908
         -0.0063361   0.0011280   0.0129349  -0.0247389   0.0431116
          0.0003761   0.0074444   0.0002708  -0.0007710  -0.0025525
         -0.0028008   0.0128951   0.0002660   0.0025252   0.0060879
         -0.0005465   0.0065256   0.0000387  -0.0001854   0.0041986
          0.0073669
         -0.0025864   0.0068184
         -0.0000321  -0.0000572   0.1273334
Energy
-40.85979195
-40.65608496
