 Atomic Coordinates

0.000000000   -0.028195056   -0.330426251
0.000000000   -0.001190986   2.323632373
1.990610831   -0.005605981   -0.787022078
-0.893275502   -1.552804466   -0.742212906
-1.097335330   1.895034633   -0.831831251
0.000000000   0.000549796   3.974919930

 Force Constants 

          0.6023242
          0.2625800   0.7025829
          0.0244241   0.1385687   0.0347353
         -0.0198784   0.0009126  -0.0018522   0.0367607
          0.0009738  -0.0200328  -0.0091638  -0.0003651   0.0365428
          0.0007462  -0.0012458   0.1574124  -0.0002305   0.0001530
         -0.3382169  -0.0099546   0.0648812   0.0000259   0.0000464
         -0.0286580  -0.0480442   0.0039370   0.0011581  -0.0008731
          0.0762396   0.0008727  -0.0315595   0.0131238   0.0005826
         -0.1850567  -0.2902202  -0.0765503  -0.0020156   0.0008208
         -0.2885380  -0.4988608  -0.1320859   0.0004778  -0.0015749
         -0.0921786  -0.1586382  -0.0035680  -0.0034547  -0.0057217
         -0.0670503   0.0337617  -0.0064547  -0.0006593   0.0002363
          0.0505417  -0.1433517   0.0184475  -0.0004652   0.0004774
         -0.0103040   0.0194321  -0.0370930  -0.0074945   0.0137503
          0.0078781   0.0029204  -0.0044481  -0.0142333  -0.0017122
          0.0031005   0.0077064  -0.0197036  -0.0017183  -0.0145395
          0.0010727   0.0010105  -0.1199272  -0.0000918   0.0003995
         -0.0789544
         -0.0013417   0.3557075
         -0.0006998   0.0063348   0.0448000
         -0.0183438  -0.0715619  -0.0023554   0.0406045
          0.0013450  -0.0109020  -0.0135196  -0.0089976   0.1986988
          0.0019136   0.0054782  -0.0029325   0.0000494   0.2896047
         -0.0214187   0.0045843   0.0071012   0.0007373   0.0806047
         -0.0004582  -0.0074738   0.0327678  -0.0089060   0.0019377
         -0.0001204  -0.0023615   0.0072333  -0.0000576   0.0127396
         -0.0153081   0.0035199  -0.0078405   0.0036933   0.0042952
         -0.0000607   0.0008593   0.0019169   0.0001021  -0.0026621
         -0.0000006   0.0004567  -0.0001835   0.0009083   0.0005748
         -0.0233875  -0.0000817  -0.0001426   0.0048683  -0.0006970
          0.5185438
          0.1375150   0.0169997
         -0.0073380   0.0031828   0.0729789
         -0.0123382   0.0071514  -0.0596348   0.1454649
         -0.0066423   0.0009739   0.0127646  -0.0250351   0.0438541
          0.0003153   0.0072616   0.0002669  -0.0008198  -0.0027811
         -0.0028374   0.0125923   0.0002070   0.0025143   0.0063354
         -0.0007497   0.0062757  -0.0001284  -0.0003858   0.0038798
          0.0078912
         -0.0026207   0.0073397
         -0.0000737  -0.0001319   0.1282909
Energy
-40.85979195
-40.65608496
