 Atomic Coordinates

-0.001579011   0.000000000   -0.372255321
0.018175503   0.000000000   2.182601630
2.050772135   0.000000000   -0.520859572
-1.021207516   -1.778514167   -0.526486949
-1.021207516   1.778514167   -0.526486949
-0.007716502   0.000000000   3.827169015

 Force Constants 

          0.6019586
          0.0000000   0.6079312
         -0.0001166   0.0000000  -0.0043747
         -0.0175097   0.0000000  -0.0007031   0.0346523
          0.0000000  -0.0179626   0.0000000   0.0000000   0.0347123
          0.0011824   0.0000000   0.1574969  -0.0017762   0.0000000
         -0.3373796   0.0000000   0.0206725  -0.0033890   0.0000000
          0.0000000  -0.0559780   0.0000000   0.0000000  -0.0013949
          0.0216680   0.0000000  -0.0066810   0.0154052   0.0000000
         -0.1262380  -0.1221959  -0.0107726  -0.0018232  -0.0009037
         -0.1226832  -0.2696843  -0.0185095  -0.0007966  -0.0026211
         -0.0110570  -0.0191701  -0.0075301  -0.0076427  -0.0132796
         -0.1262380   0.1221959  -0.0107726  -0.0018232   0.0009037
          0.1226832  -0.2696843   0.0185095   0.0007966  -0.0026211
         -0.0110570   0.0191701  -0.0075301  -0.0076427   0.0132796
          0.0054066   0.0000000   0.0016924  -0.0101073   0.0000000
          0.0000000   0.0053781   0.0000000   0.0000000  -0.0101126
         -0.0006197   0.0000000  -0.1313810   0.0023596   0.0000000
         -0.0484412
          0.0043202   0.3531863
          0.0000000   0.0000000   0.0480289
         -0.0276300  -0.0272443   0.0000000   0.0254321
         -0.0019607  -0.0060934  -0.0246041  -0.0056639   0.1240046
         -0.0035253   0.0042466   0.0054197   0.0007116   0.1328547
         -0.0263484   0.0021657   0.0052430   0.0000726   0.0139346
         -0.0019607  -0.0060934   0.0246041  -0.0056639   0.0112942
          0.0035253  -0.0042466   0.0054197  -0.0007116   0.0141971
         -0.0263484   0.0021657  -0.0052430   0.0000726   0.0034793
          0.0001951  -0.0002308   0.0000000   0.0014988  -0.0011442
          0.0000000   0.0000000  -0.0014954   0.0000000   0.0006520
         -0.0287289  -0.0020799   0.0000000   0.0087338   0.0009834
          0.2788703
          0.0240511   0.0252429
         -0.0141971   0.0034793   0.1240046
         -0.0114960   0.0045054  -0.1328547   0.2788703
         -0.0045054   0.0000650   0.0139346  -0.0240511   0.0252429
          0.0005757  -0.0008798  -0.0011442  -0.0005757  -0.0008798
         -0.0004886  -0.0013498  -0.0006520  -0.0004886   0.0013498
          0.0017774   0.0084980   0.0009834  -0.0017774   0.0084980
          0.0072199
          0.0000000   0.0072072
         -0.0016267   0.0000000   0.1343800
Energy
-40.87375616
-40.66775659
