 Atomic Coordinates

-0.001579011   0.000000000   -0.372255321
0.018175503   0.000000000   2.182601630
2.050772135   0.000000000   -0.520859572
-1.021207516   -1.778514167   -0.526486949
-1.021207516   1.778514167   -0.526486949
-0.007716502   0.000000000   3.827169015

 Force Constants 

          0.6017169
          0.0000000   0.6084249
         -0.0023563   0.0000000  -0.0056316
         -0.0175168   0.0000000  -0.0004698   0.0352638
          0.0000000  -0.0181980   0.0000000   0.0000000   0.0353999
          0.0016293   0.0000000   0.1581374  -0.0017824   0.0000000
         -0.3370644   0.0000000   0.0212611  -0.0034566   0.0000000
          0.0000000  -0.0564362   0.0000000   0.0000000  -0.0013925
          0.0220488   0.0000000  -0.0062433   0.0154348   0.0000000
         -0.1262585  -0.1217756  -0.0101043  -0.0019371  -0.0009609
         -0.1213587  -0.2694087  -0.0180130  -0.0009463  -0.0027115
         -0.0105902  -0.0185840  -0.0073986  -0.0077650  -0.0134577
         -0.1262585   0.1217756  -0.0101043  -0.0019371   0.0009609
          0.1213587  -0.2694087   0.0180130   0.0009463  -0.0027115
         -0.0105902   0.0185840  -0.0073986  -0.0077650   0.0134577
          0.0053814   0.0000000   0.0017736  -0.0104163   0.0000000
          0.0000000   0.0050267   0.0000000   0.0000000  -0.0103863
         -0.0001414   0.0000000  -0.1314653   0.0023474   0.0000000
         -0.0484591
          0.0041676   0.3534462
          0.0000000   0.0000000   0.0485760
         -0.0279010  -0.0273100   0.0000000   0.0257793
         -0.0020998  -0.0063677  -0.0249770  -0.0059397   0.1244526
         -0.0037788   0.0040750   0.0053185   0.0004486   0.1324449
         -0.0266260   0.0020764   0.0051249  -0.0000900   0.0139429
         -0.0020998  -0.0063677   0.0249770  -0.0059397   0.0112860
          0.0037788  -0.0040750   0.0053185  -0.0004486   0.0146503
         -0.0266260   0.0020764  -0.0051249  -0.0000900   0.0033536
          0.0001852  -0.0001899   0.0000000   0.0017059  -0.0011752
          0.0000000   0.0000000  -0.0013842   0.0000000   0.0006183
         -0.0285251  -0.0022716   0.0000000   0.0085451   0.0008474
          0.2791879
          0.0241803   0.0259563
         -0.0146503   0.0033536   0.1244526
         -0.0119473   0.0043699  -0.1324449   0.2791879
         -0.0043699  -0.0001360   0.0139429  -0.0241803   0.0259563
          0.0004353  -0.0010178  -0.0011752  -0.0004353  -0.0010178
         -0.0004389  -0.0016334  -0.0006183  -0.0004389   0.0016334
          0.0015327   0.0082943   0.0008474  -0.0015327   0.0082943
          0.0075752
          0.0000000   0.0076216
         -0.0016291   0.0000000   0.1348567
Energy
-40.87375616
-40.66775659
