 Atomic Coordinates

0.000000000   0.039809297   -0.330426251
0.000000000   0.154766739   2.323632373
1.990610831   -0.080382236   -0.787022078
-0.986361999   -1.788801595   -0.410771811
-1.004248834   1.659037503   -1.163272346
0.000000000   -0.419009136   3.974919930

 Force Constants 

          0.5849165
         -0.0084135   0.5387116
         -0.0116280  -0.0852859   0.0844351
         -0.0255127   0.0009718   0.0006224   0.0431811
          0.0005194  -0.0267739  -0.0435923   0.0001442   0.0459244
          0.0016619   0.0009911   0.1613614  -0.0002061   0.0316758
         -0.3335577   0.0165256   0.0629351   0.0003119   0.0000390
          0.0205536  -0.0523255   0.0038413   0.0030900  -0.0003948
          0.0751525   0.0002259  -0.0375591   0.0136924   0.0018587
         -0.1132024  -0.1079849  -0.0052166   0.0002501  -0.0001562
         -0.1094055  -0.2533939   0.0007781  -0.0018926  -0.0022505
         -0.0085652  -0.0100714  -0.0196917  -0.0079159  -0.0105865
         -0.1177650   0.0997518  -0.0480233  -0.0010845  -0.0008991
          0.0972914  -0.2108249   0.0828424  -0.0025515   0.0027425
         -0.0555295   0.0930196  -0.0740005  -0.0064354   0.0114485
          0.0051213  -0.0008508   0.0013104  -0.0171459   0.0003527
         -0.0005455   0.0046067   0.0414164   0.0002381  -0.0192477
         -0.0010918   0.0011206  -0.1145452   0.0002427   0.0091957
         -0.1405056
         -0.0015351   0.3505552
         -0.0044040  -0.0183314   0.0475527
         -0.0173032  -0.0704263  -0.0011987   0.0428226
         -0.0000344  -0.0096138  -0.0271163  -0.0044765   0.1129244
         -0.0062731   0.0041697   0.0045398   0.0002024   0.1190166
         -0.0266904   0.0036214   0.0079363   0.0016052   0.0070392
          0.0003047  -0.0083536   0.0224633  -0.0134937   0.0108650
         -0.0033696  -0.0022478   0.0013560   0.0008299   0.0157183
         -0.0071673   0.0048877  -0.0073858   0.0054730   0.0024704
         -0.0001910   0.0006579  -0.0006592  -0.0004485  -0.0012232
         -0.0186203  -0.0001550  -0.0007282  -0.0019182   0.0005224
          0.0303051   0.0005172   0.0012109   0.0049614   0.0002179
          0.2654899
          0.0072376   0.0347189
         -0.0126982   0.0069805   0.1147188
         -0.0134882   0.0109945  -0.1083236   0.2192902
         -0.0042911   0.0029735   0.0545308  -0.0924949   0.0722532
          0.0008099  -0.0011600   0.0016193   0.0001131   0.0000760
         -0.0008970  -0.0055107  -0.0002943   0.0009244  -0.0002963
          0.0023461   0.0070846  -0.0002991   0.0011977   0.0004681
          0.0109705
          0.0002343   0.0153418
          0.0004132  -0.0150710   0.0717261
Energy
-40.87576564
-40.67166918
