 Atomic Coordinates

0.000000000   0.039809297   -0.330426251
0.000000000   0.154766739   2.323632373
1.990610831   -0.080382236   -0.787022078
-0.986361999   -1.788801595   -0.410771811
-1.004248834   1.659037503   -1.163272346
0.000000000   -0.419009136   3.974919930

 Force Constants 

          0.5847192
         -0.0091371   0.5385298
         -0.0121152  -0.0859297   0.0840508
         -0.0255340   0.0010638   0.0006770   0.0433558
          0.0005932  -0.0267838  -0.0436087   0.0001319   0.0461233
          0.0018007   0.0011434   0.1617707  -0.0002099   0.0318657
         -0.3333073   0.0165559   0.0629680   0.0003156   0.0000110
          0.0206792  -0.0524041   0.0040195   0.0030761  -0.0004212
          0.0751683   0.0004175  -0.0374634   0.0136997   0.0018296
         -0.1131425  -0.1076062  -0.0050512   0.0002304  -0.0001738
         -0.1089732  -0.2532033   0.0009518  -0.0019366  -0.0022994
         -0.0085015  -0.0100188  -0.0196944  -0.0079419  -0.0106268
         -0.1178388   0.0999293  -0.0478294  -0.0011250  -0.0009101
          0.0973680  -0.2107510   0.0830297  -0.0025702   0.0027197
         -0.0553700   0.0931025  -0.0739371  -0.0064747   0.0114605
          0.0051033  -0.0008057   0.0013508  -0.0172429   0.0003479
         -0.0005302   0.0046123   0.0415375   0.0002350  -0.0193385
         -0.0009824   0.0012851  -0.1147266   0.0002497   0.0090796
         -0.1408671
         -0.0015816   0.3504526
         -0.0044572  -0.0182820   0.0476722
         -0.0173823  -0.0703294  -0.0012639   0.0429266
         -0.0000759  -0.0097418  -0.0272620  -0.0045565   0.1130136
         -0.0063399   0.0041567   0.0045911   0.0001582   0.1187753
         -0.0267758   0.0036227   0.0079379   0.0015760   0.0070560
          0.0002613  -0.0084061   0.0224595  -0.0135869   0.0108935
         -0.0034219  -0.0022849   0.0012854   0.0007839   0.0157561
         -0.0072754   0.0048437  -0.0074224   0.0054203   0.0024488
         -0.0001946   0.0006870  -0.0006709  -0.0003952  -0.0012533
         -0.0187902  -0.0001567  -0.0007233  -0.0019253   0.0005106
          0.0305299   0.0004767   0.0011861   0.0049227   0.0001788
          0.2654589
          0.0072963   0.0349095
         -0.0128132   0.0069638   0.1148491
         -0.0136153   0.0109827  -0.1083743   0.2194198
         -0.0043590   0.0029530   0.0545220  -0.0925475   0.0724400
          0.0007909  -0.0011991   0.0016272   0.0001052   0.0000302
         -0.0009319  -0.0055713  -0.0002912   0.0009414  -0.0002342
          0.0022926   0.0070317  -0.0003307   0.0011731   0.0003993
          0.0110787
          0.0002326   0.0154400
          0.0004079  -0.0150166   0.0718430
Energy
-40.87576564
-40.67166918
