 Atomic Coordinates

0.000000000   0.039809297   -0.330426251
0.000000000   0.154766739   2.323632373
1.990610831   -0.080382236   -0.787022078
-0.986361999   -1.788801595   -0.410771811
-1.004248834   1.659037503   -1.163272346
0.000000000   -0.419009136   3.974919930

 Force Constants 

          0.5844813
         -0.0116266   0.5383678
         -0.0149275  -0.0887789   0.0833126
         -0.0255152   0.0013961   0.0010543   0.0440477
          0.0008960  -0.0267968  -0.0432641   0.0000938   0.0468466
          0.0023891   0.0017200   0.1620338  -0.0002857   0.0318660
         -0.3331905   0.0171880   0.0637054   0.0002149  -0.0000695
          0.0213547  -0.0523875   0.0047736   0.0030429  -0.0005299
          0.0757312   0.0011999  -0.0370833   0.0137401   0.0017290
         -0.1130871  -0.1069511  -0.0043608   0.0001507  -0.0002473
         -0.1082598  -0.2530997   0.0016853  -0.0020565  -0.0024383
         -0.0081352  -0.0095887  -0.0198653  -0.0080542  -0.0107889
         -0.1177992   0.1006393  -0.0470012  -0.0012708  -0.0009992
          0.0980583  -0.2106611   0.0838527  -0.0026950   0.0026351
         -0.0546049   0.0935955  -0.0737032  -0.0066383   0.0114975
          0.0051107  -0.0006457   0.0015299  -0.0176272   0.0003262
         -0.0004227   0.0045773   0.0417315   0.0002186  -0.0197166
         -0.0004527   0.0018523  -0.1146945   0.0001838   0.0089604
         -0.1402447
         -0.0017489   0.3510738
         -0.0046285  -0.0184614   0.0480397
         -0.0176688  -0.0705718  -0.0015021   0.0434412
         -0.0002178  -0.0100562  -0.0277344  -0.0048188   0.1134733
         -0.0065068   0.0040006   0.0044873  -0.0000303   0.1187065
         -0.0269466   0.0035871   0.0079383   0.0014571   0.0070307
          0.0000925  -0.0087205   0.0225234  -0.0138910   0.0108432
         -0.0036107  -0.0024706   0.0011101   0.0005695   0.0157446
         -0.0075542   0.0046972  -0.0076402   0.0051859   0.0023190
         -0.0002292   0.0006785  -0.0007253  -0.0001897  -0.0013239
         -0.0188399  -0.0001871  -0.0007196  -0.0019660   0.0004818
          0.0303806   0.0003310   0.0010589   0.0046679   0.0000478
          0.2660550
          0.0072729   0.0356576
         -0.0131435   0.0069166   0.1152758
         -0.0140217   0.0109784  -0.1087033   0.2199550
         -0.0045796   0.0028475   0.0543682  -0.0928283   0.0730421
          0.0007527  -0.0013450   0.0016715   0.0000660  -0.0001413
         -0.0009827  -0.0058119  -0.0003167   0.0009825  -0.0000450
          0.0021585   0.0068498  -0.0004853   0.0010385   0.0001820
          0.0114904
          0.0002261   0.0158591
          0.0003753  -0.0150687   0.0726141
Energy
-40.87576564
-40.67166918
