 Atomic Coordinates

0.041124977   0.000000000   -0.330196703
0.147970758   0.000000000   2.326964548
1.929341996   0.000000000   -1.232078181
-1.072939830   -1.715342663   -0.567403467
-1.072939830   1.715342663   -0.567403467
-0.421500212   0.000000000   3.974666335

 Force Constants 

          0.5476010
          0.0000000   0.5747990
         -0.0766958   0.0000000   0.0815459
         -0.0270390   0.0000000  -0.0442701   0.0456454
          0.0000000  -0.0245866   0.0000000   0.0000000   0.0433617
         -0.0012750   0.0000000   0.1611902   0.0320106   0.0000000
         -0.2563775   0.0000000   0.0964713   0.0036134   0.0000000
          0.0000000  -0.0571613   0.0000000   0.0000000  -0.0017404
          0.1091765   0.0000000  -0.0804505   0.0126011   0.0000000
         -0.1343598  -0.1285529  -0.0077963  -0.0012208  -0.0026995
         -0.1251104  -0.2482861  -0.0266927   0.0000232  -0.0000260
         -0.0170322  -0.0347366  -0.0239765  -0.0046765  -0.0127358
         -0.1343598   0.1285529  -0.0077963  -0.0012208   0.0026995
          0.1251104  -0.2482861   0.0266927  -0.0000232  -0.0000260
         -0.0170322   0.0347366  -0.0239765  -0.0046765   0.0127358
          0.0045351   0.0000000   0.0400872  -0.0197783   0.0000000
          0.0000000   0.0035211   0.0000000   0.0000000  -0.0169827
          0.0028587   0.0000000  -0.1143327   0.0090113   0.0000000
         -0.1376210
         -0.0028597   0.2698253
          0.0000000   0.0000000   0.0472373
         -0.0051632  -0.1091107   0.0000000   0.0776959
         -0.0051313  -0.0092768  -0.0225294  -0.0065577   0.1351442
          0.0007693   0.0038515   0.0048515  -0.0003079   0.1367553
         -0.0231690   0.0072325   0.0119757   0.0042689   0.0144429
         -0.0051313  -0.0092768   0.0225294  -0.0065577   0.0106727
         -0.0007693  -0.0038515   0.0048515   0.0003079   0.0160433
         -0.0231690   0.0072325  -0.0119757   0.0042689   0.0034441
         -0.0176133   0.0014923   0.0000000   0.0004486  -0.0009597
          0.0000000   0.0000000   0.0019614   0.0000000   0.0009832
          0.0279320   0.0010341   0.0000000  -0.0006201   0.0015984
          0.2604904
          0.0313564   0.0347641
         -0.0160433   0.0034441   0.1351442
         -0.0169851   0.0050200  -0.1367553   0.2604904
         -0.0050200   0.0015009   0.0144429  -0.0313564   0.0347641
          0.0005237  -0.0034108  -0.0009597  -0.0005237  -0.0034108
         -0.0000447  -0.0008797  -0.0009832  -0.0000447   0.0008797
         -0.0001052   0.0066116   0.0015984   0.0001052   0.0066116
          0.0156702
          0.0000000   0.0115896
         -0.0161009   0.0000000   0.0737976
Energy
-40.87583241
-40.67175130
