 Atomic Coordinates

0.041124977   0.000000000   -0.330196703
0.147970758   0.000000000   2.326964548
1.929341996   0.000000000   -1.232078181
-1.072939830   -1.715342663   -0.567403467
-1.072939830   1.715342663   -0.567403467
-0.421500212   0.000000000   3.974666335

 Force Constants 

          0.5476502
          0.0000000   0.5748855
         -0.0761772   0.0000000   0.0819524
         -0.0270213   0.0000000  -0.0442422   0.0454338
          0.0000000  -0.0244915   0.0000000   0.0000000   0.0431486
         -0.0014311   0.0000000   0.1607763   0.0318158   0.0000000
         -0.2565126   0.0000000   0.0963913   0.0036343   0.0000000
          0.0000000  -0.0569395   0.0000000   0.0000000  -0.0017485
          0.1091619   0.0000000  -0.0805415   0.0125807   0.0000000
         -0.1343351  -0.1288228  -0.0079782  -0.0011817  -0.0026645
         -0.1257570  -0.2485242  -0.0268280   0.0000691  -0.0000076
         -0.0171255  -0.0348761  -0.0240159  -0.0046418  -0.0126823
         -0.1343351   0.1288228  -0.0079782  -0.0011817   0.0026645
          0.1257570  -0.2485242   0.0268280  -0.0000691  -0.0000076
         -0.0171255   0.0348761  -0.0240159  -0.0046418   0.0126823
          0.0045539   0.0000000   0.0399844  -0.0196834   0.0000000
          0.0000000   0.0035938   0.0000000   0.0000000  -0.0168935
          0.0026973   0.0000000  -0.1141553   0.0091293   0.0000000
         -0.1372851
         -0.0028096   0.2697910
          0.0000000   0.0000000   0.0470578
         -0.0050597  -0.1091272   0.0000000   0.0775346
         -0.0050637  -0.0091897  -0.0224300  -0.0064916   0.1350479
          0.0008459   0.0038743   0.0048645  -0.0002376   0.1370737
         -0.0230731   0.0072462   0.0120122   0.0043121   0.0144250
         -0.0050637  -0.0091897   0.0224300  -0.0064916   0.0106087
         -0.0008459  -0.0038743   0.0048645   0.0002376   0.0158376
         -0.0230731   0.0072462  -0.0120122   0.0043121   0.0034700
         -0.0174477   0.0014668   0.0000000   0.0003677  -0.0009501
          0.0000000   0.0000000   0.0019011   0.0000000   0.0010060
          0.0277147   0.0010532   0.0000000  -0.0005576   0.0016385
          0.2604895
          0.0312906   0.0345466
         -0.0158376   0.0034700   0.1350479
         -0.0167936   0.0050500  -0.1370737   0.2604895
         -0.0050500   0.0015662   0.0144250  -0.0312906   0.0345466
          0.0005776  -0.0033739  -0.0009501  -0.0005776  -0.0033739
         -0.0000286  -0.0007944  -0.0010060  -0.0000286   0.0007944
         -0.0000210   0.0066640   0.0016385   0.0000210   0.0066640
          0.0155629
          0.0000000   0.0114557
         -0.0161567   0.0000000   0.0736703
Energy
-40.87583241
-40.67175130
