 Atomic Coordinates

0.041124977   0.000000000   -0.330196703
0.147970758   0.000000000   2.326964548
1.929341996   0.000000000   -1.232078181
-1.072939830   -1.715342663   -0.567403467
-1.072939830   1.715342663   -0.567403467
-0.421500212   0.000000000   3.974666335

 Force Constants 

          0.5474393
          0.0000000   0.5753133
         -0.0797095   0.0000000   0.0806953
         -0.0270375   0.0000000  -0.0439027   0.0464106
          0.0000000  -0.0249465   0.0000000   0.0000000   0.0441866
         -0.0006753   0.0000000   0.1615044   0.0320045   0.0000000
         -0.2562631   0.0000000   0.0973118   0.0035122   0.0000000
          0.0000000  -0.0573935   0.0000000   0.0000000  -0.0017258
          0.1098035   0.0000000  -0.0800403   0.0126431   0.0000000
         -0.1343114  -0.1283103  -0.0069933  -0.0013515  -0.0028268
         -0.1239459  -0.2480408  -0.0260741  -0.0001628  -0.0001019
         -0.0164465  -0.0339670  -0.0239363  -0.0048163  -0.0129702
         -0.1343114   0.1283103  -0.0069933  -0.0013515   0.0028268
          0.1239459  -0.2480408   0.0260741   0.0001628  -0.0001019
         -0.0164465   0.0339670  -0.0239363  -0.0048163   0.0129702
          0.0044841   0.0000000   0.0402870  -0.0201823   0.0000000
          0.0000000   0.0031084   0.0000000   0.0000000  -0.0173104
          0.0034742   0.0000000  -0.1142867   0.0088877   0.0000000
         -0.1369399
         -0.0030591   0.2704523
          0.0000000   0.0000000   0.0477846
         -0.0054926  -0.1094393   0.0000000   0.0782410
         -0.0053096  -0.0096295  -0.0229754  -0.0068418   0.1357363
          0.0004991   0.0035998   0.0045886  -0.0006216   0.1366368
         -0.0234203   0.0071472   0.0118261   0.0040853   0.0143670
         -0.0053096  -0.0096295   0.0229754  -0.0068418   0.0105461
         -0.0004991  -0.0035998   0.0045886   0.0006216   0.0165061
         -0.0234203   0.0071472  -0.0118261   0.0040853   0.0033240
         -0.0176509   0.0015576   0.0000000   0.0006762  -0.0009900
          0.0000000   0.0000000   0.0021574   0.0000000   0.0009697
          0.0277688   0.0008922   0.0000000  -0.0008787   0.0014538
          0.2610543
          0.0314312   0.0355885
         -0.0165061   0.0033240   0.1357363
         -0.0174836   0.0048630  -0.1366368   0.2610543
         -0.0048630   0.0012911   0.0143670  -0.0314312   0.0355885
          0.0003781  -0.0035754  -0.0009900  -0.0003781  -0.0035754
         -0.0000165  -0.0011831  -0.0009697  -0.0000165   0.0011831
         -0.0003716   0.0063918   0.0014538   0.0003716   0.0063918
          0.0161206
          0.0000000   0.0120777
         -0.0161616   0.0000000   0.0746130
Energy
-40.87583241
-40.67175130
