 Atomic Coordinates

0.028200101   0.000000000   -0.330714766
0.001299547   0.000000000   2.323813818
1.758015883   0.000000000   -0.733894235
-1.047546795   -1.823412420   -0.812370830
-1.047546795   1.823412420   -0.812370830
-0.000265038   0.000000000   3.975746235

 Force Constants 

          0.9844570
          0.0000000   0.3434898
         -0.1764596   0.0000000   0.0292217
         -0.0194610   0.0000000   0.0126753   0.0353256
          0.0000000  -0.0208531   0.0000000   0.0000000   0.0361492
          0.0028227   0.0000000   0.1573240  -0.0002711   0.0000000
         -0.7523942   0.0000000   0.1772681  -0.0011436   0.0000000
          0.0000000   0.0001924   0.0000000   0.0000000  -0.0023658
          0.2114253   0.0000000   0.0067373   0.0045789   0.0000000
         -0.1117694  -0.0966217  -0.0193532   0.0005487   0.0010829
         -0.0728194  -0.1635283  -0.0283273   0.0000541  -0.0004410
         -0.0189692  -0.0356882  -0.0365306  -0.0081988  -0.0123864
         -0.1117694   0.0966217  -0.0193532   0.0005487  -0.0010829
          0.0728194  -0.1635283   0.0283273  -0.0000541  -0.0004410
         -0.0189692   0.0356882  -0.0365306  -0.0081988   0.0123864
          0.0109370   0.0000000   0.0252226  -0.0158184   0.0000000
          0.0000000   0.0042275   0.0000000   0.0000000  -0.0120484
          0.0001500   0.0000000  -0.1202219  -0.0005854   0.0000000
         -0.0803413
         -0.0030585   0.7692790
          0.0000000   0.0000000   0.0190943
         -0.0218622  -0.1813776   0.0000000   0.0076764
          0.0003043  -0.0062956  -0.0133657  -0.0080129   0.0958125
          0.0000683   0.0031275  -0.0069411  -0.0008205   0.0881864
         -0.0161702   0.0032571   0.0073985   0.0003615   0.0227420
          0.0003043  -0.0062956   0.0133657  -0.0080129   0.0197220
         -0.0000683  -0.0031275  -0.0069411   0.0008205   0.0189516
         -0.0161702   0.0032571  -0.0073985   0.0003615   0.0044511
         -0.0001017  -0.0031500   0.0000000  -0.0186008   0.0019819
          0.0000000   0.0000000  -0.0030387   0.0000000   0.0017665
         -0.0227801   0.0006538   0.0000000   0.0067255  -0.0001313
          0.1882064
          0.0364427   0.0431476
         -0.0189516   0.0044511   0.0958125
         -0.0177318   0.0073382  -0.0881864   0.1882064
         -0.0073382   0.0044802   0.0227420  -0.0364427   0.0431476
          0.0004029  -0.0032821   0.0019819  -0.0004029  -0.0032821
          0.0004358  -0.0031049  -0.0017665   0.0004358   0.0031049
         -0.0000250   0.0047115  -0.0001313   0.0000250   0.0047115
          0.0040675
          0.0000000   0.0099880
          0.0000441   0.0000000   0.1268535
Energy
-40.85693418
-40.65323830
