 Atomic Coordinates

0.028200101   0.000000000   -0.330714766
0.001299547   0.000000000   2.323813818
1.758015883   0.000000000   -0.733894235
-1.047546795   -1.823412420   -0.812370830
-1.047546795   1.823412420   -0.812370830
-0.000265038   0.000000000   3.975746235

 Force Constants 

          0.9842585
          0.0000000   0.3439074
         -0.1790028   0.0000000   0.0284183
         -0.0194802   0.0000000   0.0129753   0.0359559
          0.0000000  -0.0210972   0.0000000   0.0000000   0.0368627
          0.0033475   0.0000000   0.1575649  -0.0003230   0.0000000
         -0.7522294   0.0000000   0.1779018  -0.0012269   0.0000000
          0.0000000   0.0000187   0.0000000   0.0000000  -0.0023634
          0.2118951   0.0000000   0.0070982   0.0046137   0.0000000
         -0.1117252  -0.0964592  -0.0186281   0.0004569   0.0010333
         -0.0718258  -0.1633245  -0.0277607  -0.0000953  -0.0005341
         -0.0184595  -0.0350159  -0.0364905  -0.0083150  -0.0125864
         -0.1117252   0.0964592  -0.0186281   0.0004569  -0.0010333
          0.0718258  -0.1633245   0.0277607   0.0000953  -0.0005341
         -0.0184595   0.0350159  -0.0364905  -0.0083150   0.0125864
          0.0109015   0.0000000   0.0253819  -0.0161625   0.0000000
          0.0000000   0.0038201   0.0000000   0.0000000  -0.0123340
          0.0006793   0.0000000  -0.1201006  -0.0006360   0.0000000
         -0.0797625
         -0.0032133   0.7697763
          0.0000000   0.0000000   0.0196235
         -0.0221279  -0.1815266   0.0000000   0.0081659
          0.0001565  -0.0065934  -0.0137461  -0.0082838   0.0962512
         -0.0001733   0.0029093  -0.0071731  -0.0010907   0.0880782
         -0.0163752   0.0031702   0.0072743   0.0001969   0.0227013
          0.0001565  -0.0065934   0.0137461  -0.0082838   0.0196289
          0.0001733  -0.0029093  -0.0071731   0.0010907   0.0193345
         -0.0163752   0.0031702  -0.0072743   0.0001969   0.0043345
         -0.0001243  -0.0031331   0.0000000  -0.0184147   0.0019817
          0.0000000   0.0000000  -0.0029327   0.0000000   0.0017592
         -0.0229241   0.0004976   0.0000000   0.0064699  -0.0002804
          0.1887008
          0.0365022   0.0438625
         -0.0193345   0.0043345   0.0962512
         -0.0181765   0.0072131  -0.0880782   0.1887008
         -0.0072131   0.0042924   0.0227013  -0.0365022   0.0438625
          0.0002681  -0.0034314   0.0019817  -0.0002681  -0.0034314
          0.0005074  -0.0033873  -0.0017592   0.0005074   0.0033873
         -0.0002644   0.0045138  -0.0002804   0.0002644   0.0045138
          0.0044308
          0.0000000   0.0104318
          0.0000199   0.0000000   0.1275271
Energy
-40.85693418
-40.65323830
