 Atomic Coordinates

0.028200101   0.000000000   -0.330714766
0.001299547   0.000000000   2.323813818
1.758015883   0.000000000   -0.733894235
-1.047546795   -1.823412420   -0.812370830
-1.047546795   1.823412420   -0.812370830
-0.000265038   0.000000000   3.975746235

 Force Constants 

          0.9848821
          0.0000000   0.3435988
         -0.1762703   0.0000000   0.0296185
         -0.0194300   0.0000000   0.0126622   0.0351802
          0.0000000  -0.0207950   0.0000000   0.0000000   0.0359806
          0.0027386   0.0000000   0.1569706  -0.0002904   0.0000000
         -0.7528989   0.0000000   0.1774614  -0.0011699   0.0000000
          0.0000000   0.0003024   0.0000000   0.0000000  -0.0023727
          0.2116334   0.0000000   0.0066631   0.0045747   0.0000000
         -0.1117802  -0.0967736  -0.0195279   0.0005804   0.0010984
         -0.0732876  -0.1637136  -0.0284841   0.0000948  -0.0004171
         -0.0190779  -0.0358608  -0.0365729  -0.0081678  -0.0123425
         -0.1117802   0.0967736  -0.0195279   0.0005804  -0.0010984
          0.0732876  -0.1637136   0.0284841  -0.0000948  -0.0004171
         -0.0190779   0.0358608  -0.0365729  -0.0081678   0.0123425
          0.0110073   0.0000000   0.0252026  -0.0157410   0.0000000
          0.0000000   0.0043211   0.0000000   0.0000000  -0.0119786
          0.0000540   0.0000000  -0.1201064  -0.0006109   0.0000000
         -0.0799765
         -0.0030051   0.7697094
          0.0000000   0.0000000   0.0189545
         -0.0218052  -0.1817443   0.0000000   0.0076114
          0.0003318  -0.0062024  -0.0132803  -0.0079066   0.0957180
          0.0001277   0.0031601  -0.0069044  -0.0007584   0.0883780
         -0.0160695   0.0032875   0.0074347   0.0003919   0.0227343
          0.0003318  -0.0062024   0.0132803  -0.0079066   0.0196879
         -0.0001277  -0.0031601  -0.0069044   0.0007584   0.0187964
         -0.0160695   0.0032875  -0.0074347   0.0003919   0.0044699
         -0.0001066  -0.0032358   0.0000000  -0.0186506   0.0019963
          0.0000000   0.0000000  -0.0030753   0.0000000   0.0017811
         -0.0230499   0.0007131   0.0000000   0.0067469  -0.0001014
          0.1881862
          0.0364343   0.0429478
         -0.0187964   0.0044699   0.0957180
         -0.0175820   0.0073589  -0.0883780   0.1881862
         -0.0073589   0.0045195   0.0227343  -0.0364343   0.0429478
          0.0004511  -0.0032460   0.0019963  -0.0004511  -0.0032460
          0.0004310  -0.0030246  -0.0017811   0.0004310   0.0030246
          0.0000394   0.0047834  -0.0001014  -0.0000394   0.0047834
          0.0039770
          0.0000000   0.0098709
          0.0000465   0.0000000   0.1268427
Energy
-40.85693418
-40.65323830
