 Atomic Coordinates

0.000345901   0.000000000   -0.321709701
0.000358667   0.000000000   2.330143624
2.162850082   0.000000000   -0.820473504
-1.083780671   -1.878261402   -0.822531580
-1.083780671   1.878261402   -0.822531580
0.000230831   0.000000000   3.969009326

 Force Constants 

          0.4083320
          0.0000000   0.4055981
         -0.0082287   0.0000000   0.0987774
         -0.0240694   0.0000000   0.0009819   0.0363183
          0.0000000  -0.0247930   0.0000000   0.0000000   0.0364773
          0.0014203   0.0000000   0.1488401  -0.0002422   0.0000000
         -0.1932585   0.0000000   0.0291037  -0.0002773   0.0000000
          0.0000000  -0.0632434   0.0000000   0.0000000  -0.0001071
          0.0382342   0.0000000  -0.0431243   0.0147264   0.0000000
         -0.0944798  -0.0543385  -0.0112821  -0.0003504  -0.0000847
         -0.0524348  -0.1572007  -0.0213550  -0.0003231  -0.0002559
         -0.0164845  -0.0292029  -0.0441206  -0.0076534  -0.0131938
         -0.0944798   0.0543385  -0.0112821  -0.0003504   0.0000847
          0.0524348  -0.1572007   0.0213550   0.0003231  -0.0002559
         -0.0164845   0.0292029  -0.0441206  -0.0076534   0.0131938
         -0.0020446   0.0000000   0.0007073  -0.0112708   0.0000000
          0.0000000  -0.0031602   0.0000000   0.0000000  -0.0110653
          0.0015432   0.0000000  -0.1162520  -0.0001593   0.0000000
         -0.0723935
         -0.0006885   0.2088841
          0.0000000   0.0000000   0.0523258
         -0.0153525  -0.0373927   0.0000000   0.0451947
         -0.0001924  -0.0083350  -0.0271160  -0.0100232   0.0903012
         -0.0003009   0.0023593   0.0052062  -0.0008308   0.0657280
         -0.0150542   0.0046291   0.0077124   0.0049692   0.0178016
         -0.0001924  -0.0083350   0.0271160  -0.0100232   0.0122534
          0.0003009  -0.0023593   0.0052062   0.0008308   0.0154013
         -0.0150542   0.0046291  -0.0077124   0.0049692   0.0041869
         -0.0001048   0.0013218   0.0000000   0.0044786   0.0006106
          0.0000000   0.0000000   0.0006123   0.0000000   0.0004099
         -0.0309857  -0.0002806   0.0000000   0.0033436  -0.0004908
          0.1663021
          0.0310857   0.0458190
         -0.0154013   0.0041869   0.0903012
         -0.0153656   0.0079030  -0.0657280   0.1663021
         -0.0079030   0.0049147   0.0178016  -0.0310857   0.0458190
          0.0000719  -0.0024796   0.0006106  -0.0000719  -0.0024796
          0.0013139  -0.0043044  -0.0004099   0.0013139   0.0043044
         -0.0006960   0.0034720  -0.0004908   0.0006960   0.0034720
          0.0107723
          0.0000000   0.0109854
         -0.0001219   0.0000000   0.1369502
Energy
-40.86436191
-40.65857494
