 Atomic Coordinates

0.000345901   0.000000000   -0.321709701
0.000358667   0.000000000   2.330143624
2.162850082   0.000000000   -0.820473504
-1.083780671   -1.878261402   -0.822531580
-1.083780671   1.878261402   -0.822531580
0.000230831   0.000000000   3.969009326

 Force Constants 

          0.4090266
          0.0000000   0.4044958
         -0.0020333   0.0000000   0.1009898
         -0.0241085   0.0000000   0.0002507   0.0348730
          0.0000000  -0.0241648   0.0000000   0.0000000   0.0348826
          0.0002691   0.0000000   0.1480732  -0.0001274   0.0000000
         -0.1936046   0.0000000   0.0275058  -0.0000636   0.0000000
          0.0000000  -0.0627344   0.0000000   0.0000000  -0.0001567
          0.0370158   0.0000000  -0.0439849   0.0146569   0.0000000
         -0.0946119  -0.0549094  -0.0129793  -0.0001121   0.0000543
         -0.0548056  -0.1576859  -0.0226451   0.0000252  -0.0000644
         -0.0177031  -0.0307753  -0.0443024  -0.0073671  -0.0127468
         -0.0946119   0.0549094  -0.0129793  -0.0001121  -0.0000543
          0.0548056  -0.1576859   0.0226451  -0.0000252  -0.0000644
         -0.0177031   0.0307753  -0.0443024  -0.0073671   0.0127468
         -0.0020898   0.0000000   0.0002353  -0.0104768   0.0000000
          0.0000000  -0.0022248   0.0000000   0.0000000  -0.0104324
          0.0001545   0.0000000  -0.1164732  -0.0000461   0.0000000
         -0.0733090
         -0.0003628   0.2076443
          0.0000000   0.0000000   0.0512049
         -0.0147867  -0.0369001   0.0000000   0.0442005
          0.0001274  -0.0076633  -0.0262112  -0.0094051   0.0892117
          0.0002230   0.0028160   0.0056566  -0.0002576   0.0660665
         -0.0145485   0.0048273   0.0079917   0.0053342   0.0178708
          0.0001274  -0.0076633   0.0262112  -0.0094051   0.0125108
         -0.0002230  -0.0028160   0.0056566   0.0002576   0.0145350
         -0.0145485   0.0048273  -0.0079917   0.0053342   0.0044780
         -0.0000337   0.0013505   0.0000000   0.0040376   0.0006648
          0.0000000   0.0000000   0.0003730   0.0000000   0.0004648
         -0.0308805   0.0001026   0.0000000   0.0039027  -0.0000917
          0.1652926
          0.0309869   0.0441979
         -0.0145350   0.0044780   0.0892117
         -0.0143693   0.0081747  -0.0660665   0.1652926
         -0.0081747   0.0053417   0.0178708  -0.0309869   0.0441979
          0.0004329  -0.0021059   0.0006648  -0.0004329  -0.0021059
          0.0011704  -0.0036312  -0.0004648   0.0011704   0.0036312
         -0.0001324   0.0039771  -0.0000917   0.0001324   0.0039771
          0.0098864
          0.0000000   0.0099434
         -0.0000276   0.0000000   0.1354969
Energy
-40.86436191
-40.65857494
