 Atomic Coordinates

0.000345901   0.000000000   -0.321709701
0.000358667   0.000000000   2.330143624
2.162850082   0.000000000   -0.820473504
-1.083780671   -1.878261402   -0.822531580
-1.083780671   1.878261402   -0.822531580
0.000230831   0.000000000   3.969009326

 Force Constants 

          0.4088175
          0.0000000   0.4046207
         -0.0030384   0.0000000   0.1004448
         -0.0241093   0.0000000   0.0003205   0.0351563
          0.0000000  -0.0242840   0.0000000   0.0000000   0.0351962
          0.0004479   0.0000000   0.1484433  -0.0001209   0.0000000
         -0.1934350   0.0000000   0.0277435  -0.0000906   0.0000000
          0.0000000  -0.0629100   0.0000000   0.0000000  -0.0001492
          0.0372054   0.0000000  -0.0438592   0.0146668   0.0000000
         -0.0945947  -0.0547077  -0.0126738  -0.0001606   0.0000297
         -0.0541841  -0.1575108  -0.0223803  -0.0000407  -0.0000995
         -0.0174779  -0.0304624  -0.0442382  -0.0074190  -0.0128262
         -0.0945947   0.0547077  -0.0126738  -0.0001606  -0.0000297
          0.0541841  -0.1575108   0.0223803   0.0000407  -0.0000995
         -0.0174779   0.0304624  -0.0442382  -0.0074190   0.0128262
         -0.0020838   0.0000000   0.0003221  -0.0106350   0.0000000
          0.0000000  -0.0024049   0.0000000   0.0000000  -0.0105640
          0.0003410   0.0000000  -0.1165525  -0.0000284   0.0000000
         -0.0735360
         -0.0004259   0.2077661
          0.0000000   0.0000000   0.0514497
         -0.0148795  -0.0369230   0.0000000   0.0443804
          0.0000672  -0.0077996  -0.0263911  -0.0095372   0.0894157
          0.0001185   0.0027358   0.0055889  -0.0003734   0.0658862
         -0.0146877   0.0047865   0.0079339   0.0052618   0.0178691
          0.0000672  -0.0077996   0.0263911  -0.0095372   0.0124922
         -0.0001185  -0.0027358   0.0055889   0.0003734   0.0147420
         -0.0146877   0.0047865  -0.0079339   0.0052618   0.0044281
         -0.0000355   0.0013587   0.0000000   0.0041253   0.0006470
          0.0000000   0.0000000   0.0004317   0.0000000   0.0004410
         -0.0306523   0.0000325   0.0000000   0.0038347  -0.0001533
          0.1654263
          0.0310028   0.0445364
         -0.0147420   0.0044281   0.0894157
         -0.0145926   0.0081271  -0.0658862   0.1654263
         -0.0081271   0.0052632   0.0178691  -0.0310028   0.0445364
          0.0003447  -0.0021867   0.0006470  -0.0003447  -0.0021867
          0.0011878  -0.0037751  -0.0004410   0.0011878   0.0037751
         -0.0002404   0.0038646  -0.0001533   0.0002404   0.0038646
          0.0100661
          0.0000000   0.0101616
         -0.0000384   0.0000000   0.1356409
Energy
-40.86436191
-40.65857494
