 Atomic Coordinates

0.000044509   0.000000000   -0.363388950
-0.000684312   0.000000000   2.253888198
2.009147452   0.000000000   -0.756295478
-1.004418273   -1.738660315   -0.754971627
-1.004418273   1.738660315   -0.754971627
-0.000157070   0.000000000   4.342632842

 Force Constants 

          0.6100309
          0.0000000   0.6141895
         -0.0098878   0.0000000   0.0554381
         -0.0346510   0.0000000   0.0011885   0.0546550
          0.0000000  -0.0354867   0.0000000   0.0000000   0.0548481
          0.0019731   0.0000000   0.1499533  -0.0001837   0.0000000
         -0.3364687   0.0000000   0.0590973  -0.0003704   0.0000000
          0.0000000  -0.0539716   0.0000000   0.0000000  -0.0009011
          0.0631094   0.0000000  -0.0304639   0.0202023   0.0000000
         -0.1242841  -0.1227468  -0.0254591  -0.0010606   0.0002032
         -0.1199306  -0.2664312  -0.0467649  -0.0001632  -0.0005677
         -0.0286219  -0.0503989  -0.0316434  -0.0104641  -0.0180656
         -0.1242841   0.1227468  -0.0254591  -0.0010606  -0.0002032
          0.1199306  -0.2664312   0.0467649   0.0001632  -0.0005677
         -0.0286219   0.0503989  -0.0316434  -0.0104641   0.0180656
          0.0096570   0.0000000   0.0005201  -0.0175123   0.0000000
          0.0000000   0.0081314   0.0000000   0.0000000  -0.0173249
          0.0020491   0.0000000  -0.1116407  -0.0002790   0.0000000
         -0.1917447
         -0.0009086   0.3552139
          0.0000000   0.0000000   0.0486056
         -0.0224089  -0.0642924   0.0000000   0.0447943
         -0.0003941  -0.0089842  -0.0261291  -0.0097224   0.1255672
         -0.0006028   0.0029319   0.0033825   0.0000366   0.1329569
         -0.0222273   0.0031075   0.0076057   0.0011244   0.0315500
         -0.0003941  -0.0089842   0.0261291  -0.0097224   0.0095834
          0.0006028  -0.0029319   0.0033825  -0.0000366   0.0155405
         -0.0222273   0.0031075  -0.0076057   0.0011244   0.0047903
         -0.0000926  -0.0004065   0.0000000   0.0004256  -0.0008217
          0.0000000   0.0000000  -0.0004977   0.0000000   0.0001753
          0.1086550  -0.0001113   0.0000000   0.0058297  -0.0007647
          0.2793303
          0.0550789   0.0456199
         -0.0155405   0.0047903   0.1255672
         -0.0155249   0.0064663  -0.1329569   0.2793303
         -0.0064663   0.0009875   0.0315500  -0.0550789   0.0456199
         -0.0002545  -0.0003619  -0.0008217   0.0002545  -0.0003619
         -0.0001890  -0.0006863  -0.0001753  -0.0001890   0.0006863
         -0.0012815   0.0061390  -0.0007647   0.0012815   0.0061390
          0.0099050
          0.0000000   0.0100694
         -0.0001294   0.0000000  -0.0151220
Energy
-40.87470273
-40.67114997
