 Atomic Coordinates

0.000044509   0.000000000   -0.363388950
-0.000684312   0.000000000   2.253888198
2.009147452   0.000000000   -0.756295478
-1.004418273   -1.738660315   -0.754971627
-1.004418273   1.738660315   -0.754971627
-0.000157070   0.000000000   4.342632842

 Force Constants 

          0.6106778
          0.0000000   0.6123765
         -0.0006361   0.0000000   0.0585410
         -0.0346470   0.0000000   0.0000426   0.0522572
          0.0000000  -0.0346985   0.0000000   0.0000000   0.0522585
          0.0000196   0.0000000   0.1489430   0.0000267   0.0000000
         -0.3368526   0.0000000   0.0566337  -0.0000219   0.0000000
          0.0000000  -0.0531199   0.0000000   0.0000000  -0.0008613
          0.0612951   0.0000000  -0.0319539   0.0201654   0.0000000
         -0.1243877  -0.1235755  -0.0279995  -0.0006646   0.0003805
         -0.1236137  -0.2670142  -0.0487617   0.0003580  -0.0002200
         -0.0304159  -0.0528393  -0.0317974  -0.0100907  -0.0174766
         -0.1243877   0.1235755  -0.0279995  -0.0006646  -0.0003805
          0.1236137  -0.2670142   0.0487617  -0.0003580  -0.0002200
         -0.0304159   0.0528393  -0.0317974  -0.0100907   0.0174766
          0.0095972   0.0000000  -0.0000412  -0.0162589   0.0000000
          0.0000000   0.0094703   0.0000000   0.0000000  -0.0162588
          0.0001532   0.0000000  -0.1119353  -0.0000533   0.0000000
         -0.1935779
         -0.0003530   0.3532992
          0.0000000   0.0000000   0.0468383
         -0.0214174  -0.0635906   0.0000000   0.0431451
          0.0001313  -0.0079934  -0.0247337  -0.0087825   0.1238664
          0.0002501   0.0036781   0.0040304   0.0009950   0.1335139
         -0.0215160   0.0034404   0.0080906   0.0017375   0.0316651
          0.0001313  -0.0079934   0.0247337  -0.0087825   0.0099674
         -0.0002501  -0.0036781   0.0040304  -0.0009950   0.0141659
         -0.0215160   0.0034404  -0.0080906   0.0017375   0.0052400
          0.0000442  -0.0004379   0.0000000  -0.0003049  -0.0007881
          0.0000000   0.0000000  -0.0009179   0.0000000   0.0002487
          0.1090843   0.0004291   0.0000000   0.0067512  -0.0002545
          0.2776715
          0.0549413   0.0430310
         -0.0141659   0.0052400   0.1238664
         -0.0139854   0.0069941  -0.1335139   0.2776715
         -0.0069941   0.0017300   0.0316651  -0.0549413   0.0430310
          0.0002296   0.0001610  -0.0007881  -0.0002296   0.0001610
         -0.0004824   0.0002899  -0.0002487  -0.0004824  -0.0002899
         -0.0004307   0.0068149  -0.0002545   0.0004307   0.0068149
          0.0086759
          0.0000000   0.0086713
         -0.0000200   0.0000000  -0.0175301
Energy
-40.87470273
-40.67114997
