 Atomic Coordinates

0.000044509   0.000000000   -0.363388950
-0.000684312   0.000000000   2.253888198
2.009147452   0.000000000   -0.756295478
-1.004418273   -1.738660315   -0.754971627
-1.004418273   1.738660315   -0.754971627
-0.000157070   0.000000000   4.342632842

 Force Constants 

          0.6104234
          0.0000000   0.6125997
         -0.0022899   0.0000000   0.0578234
         -0.0346943   0.0000000   0.0001873   0.0527671
          0.0000000  -0.0348476   0.0000000   0.0000000   0.0527886
          0.0004245   0.0000000   0.1493999   0.0000137   0.0000000
         -0.3365905   0.0000000   0.0569973  -0.0000615   0.0000000
          0.0000000  -0.0534267   0.0000000   0.0000000  -0.0008820
          0.0615658   0.0000000  -0.0316144   0.0201599   0.0000000
         -0.1243865  -0.1232571  -0.0275103  -0.0007365   0.0003584
         -0.1226218  -0.2667698  -0.0483593   0.0002738  -0.0002793
         -0.0301191  -0.0523601  -0.0317761  -0.0101415  -0.0175642
         -0.1243865   0.1232571  -0.0275103  -0.0007365  -0.0003584
          0.1226218  -0.2667698   0.0483593  -0.0002738  -0.0002793
         -0.0301191   0.0523601  -0.0317761  -0.0101415   0.0175642
          0.0096344   0.0000000   0.0001258  -0.0165384   0.0000000
          0.0000000   0.0092142   0.0000000   0.0000000  -0.0165004
          0.0005379   0.0000000  -0.1120566  -0.0000780   0.0000000
         -0.1936103
         -0.0004708   0.3534476
          0.0000000   0.0000000   0.0472260
         -0.0216472  -0.0635940   0.0000000   0.0434527
          0.0000203  -0.0081921  -0.0250073  -0.0089893   0.1241783
          0.0000724   0.0035548   0.0039446   0.0008019   0.1331981
         -0.0216729   0.0033780   0.0079800   0.0016155   0.0316789
          0.0000203  -0.0081921   0.0250073  -0.0089893   0.0099510
         -0.0000724  -0.0035548   0.0039446  -0.0008019   0.0145027
         -0.0216729   0.0033780  -0.0079800   0.0016155   0.0051597
         -0.0000081  -0.0004114   0.0000000  -0.0001531  -0.0008142
          0.0000000   0.0000000  -0.0008066   0.0000000   0.0002052
          0.1092034   0.0003115   0.0000000   0.0065779  -0.0003594
          0.2778931
          0.0549865   0.0435726
         -0.0145027   0.0051597   0.1241783
         -0.0143423   0.0068908  -0.1331981   0.2778931
         -0.0068908   0.0015747   0.0316789  -0.0549865   0.0435726
          0.0000977   0.0000440  -0.0008142  -0.0000977   0.0000440
         -0.0004464   0.0000671  -0.0002052  -0.0004464  -0.0000671
         -0.0006107   0.0066862  -0.0003594   0.0006107   0.0066862
          0.0089439
          0.0000000   0.0089856
         -0.0000526   0.0000000  -0.0170972
Energy
-40.87470273
-40.67114997
