 Atomic Coordinates

0.000228975   0.000000000   -0.285478332
-0.000512097   0.000000000   1.928586211
1.977456011   0.000000000   -0.830027372
-0.989590064   -1.713225506   -0.828675703
-0.989590064   1.713225506   -0.828675703
-0.000492070   0.000000000   3.960662566

 Force Constants 

          0.5853490
          0.0000000   0.5840632
         -0.0010313   0.0000000   0.3342557
         -0.0398378   0.0000000   0.0000594   0.0407504
          0.0000000  -0.0398224   0.0000000   0.0000000   0.0407375
          0.0000929   0.0000000  -0.0879233   0.0000003   0.0000000
         -0.3171440   0.0000000   0.0753160   0.0007329   0.0000000
          0.0000000  -0.0496718   0.0000000   0.0000000  -0.0007793
          0.0778396   0.0000000  -0.0557919   0.0292446   0.0000000
         -0.1164362  -0.1154925  -0.0372304  -0.0004131   0.0006520
         -0.1153792  -0.2494979  -0.0646017   0.0006345   0.0003351
         -0.0385001  -0.0667541  -0.0556929  -0.0146345  -0.0253420
         -0.1164362   0.1154925  -0.0372304  -0.0004131  -0.0006520
          0.1153792  -0.2494979   0.0646017  -0.0006345   0.0003351
         -0.0385001   0.0667541  -0.0556929  -0.0146345   0.0253420
          0.0045052   0.0000000   0.0001167  -0.0008195   0.0000000
          0.0000000   0.0044269   0.0000000   0.0000000  -0.0008060
          0.0000989   0.0000000  -0.0791548  -0.0000353   0.0000000
          0.1017954
         -0.0019969   0.3365737
          0.0000000   0.0000000   0.0460670
         -0.0149760  -0.0832506   0.0000000   0.0610900
          0.0009540  -0.0097782  -0.0249771  -0.0111142   0.1185595
          0.0016627   0.0031245   0.0027800   0.0010986   0.1254724
         -0.0150243   0.0045484   0.0101634   0.0027553   0.0413329
          0.0009540  -0.0097782   0.0249771  -0.0111142   0.0091009
         -0.0016627  -0.0031245   0.0027800  -0.0010986   0.0140896
         -0.0150243   0.0045484  -0.0101634   0.0027553   0.0064986
         -0.0000042  -0.0006061   0.0000000  -0.0016051  -0.0010329
          0.0000000   0.0000000  -0.0011759   0.0000000   0.0002557
          0.0311525   0.0008347   0.0000000   0.0041674  -0.0004409
          0.2631984
          0.0716065   0.0610152
         -0.0140896   0.0064986   0.1185595
         -0.0160845   0.0090064  -0.1254724   0.2631984
         -0.0090064   0.0027462   0.0413329  -0.0716065   0.0610152
          0.0002374   0.0007546  -0.0010329  -0.0002374   0.0007546
         -0.0007312   0.0013198  -0.0002557  -0.0007312  -0.0013198
         -0.0007597   0.0042004  -0.0004409   0.0007597   0.0042004
         -0.0010139
          0.0000000  -0.0009826
         -0.0000166   0.0000000   0.0354341
Energy
-40.88919843
-40.68255895
