 Atomic Coordinates

0.000228975   0.000000000   -0.285478332
-0.000512097   0.000000000   1.928586211
1.977456011   0.000000000   -0.830027372
-0.989590064   -1.713225506   -0.828675703
-0.989590064   1.713225506   -0.828675703
-0.000492070   0.000000000   3.960662566

 Force Constants 

          0.5852223
          0.0000000   0.5841536
         -0.0020223   0.0000000   0.3338870
         -0.0398032   0.0000000   0.0002141   0.0409958
          0.0000000  -0.0398671   0.0000000   0.0000000   0.0410111
          0.0003016   0.0000000  -0.0878373  -0.0000118   0.0000000
         -0.3170719   0.0000000   0.0755324   0.0006854   0.0000000
          0.0000000  -0.0497602   0.0000000   0.0000000  -0.0007926
          0.0780215   0.0000000  -0.0556423   0.0292444   0.0000000
         -0.1164198  -0.1153744  -0.0369581  -0.0004684   0.0006245
         -0.1149562  -0.2493816  -0.0643840   0.0005659   0.0002743
         -0.0383009  -0.0664670  -0.0556689  -0.0146915  -0.0254238
         -0.1164198   0.1153744  -0.0369581  -0.0004684  -0.0006245
          0.1149562  -0.2493816   0.0643840  -0.0005659   0.0002743
         -0.0383009   0.0664670  -0.0556689  -0.0146915   0.0254238
          0.0044924   0.0000000   0.0001920  -0.0009412   0.0000000
          0.0000000   0.0042369   0.0000000   0.0000000  -0.0009000
          0.0003010   0.0000000  -0.0790696  -0.0000636   0.0000000
          0.1020371
         -0.0020501   0.3367319
          0.0000000   0.0000000   0.0462766
         -0.0150712  -0.0833027   0.0000000   0.0612673
          0.0008950  -0.0098748  -0.0251446  -0.0112193   0.1187494
          0.0015741   0.0030641   0.0026996   0.0010034   0.1253971
         -0.0150981   0.0045178   0.0101142   0.0026880   0.0413203
          0.0008950  -0.0098748   0.0251446  -0.0112193   0.0090487
         -0.0015741  -0.0030641   0.0026996  -0.0010034   0.0142496
         -0.0150981   0.0045178  -0.0101142   0.0026880   0.0064572
         -0.0000297  -0.0005957   0.0000000  -0.0015246  -0.0010351
          0.0000000   0.0000000  -0.0011230   0.0000000   0.0002478
          0.0310677   0.0007847   0.0000000   0.0040701  -0.0004952
          0.2633470
          0.0716089   0.0612832
         -0.0142496   0.0064572   0.1187494
         -0.0162472   0.0089557  -0.1253971   0.2633470
         -0.0089557   0.0026721   0.0413203  -0.0716089   0.0612832
          0.0001787   0.0006970  -0.0010351  -0.0001787   0.0006970
         -0.0006921   0.0012119  -0.0002478  -0.0006921  -0.0012119
         -0.0008468   0.0041236  -0.0004952   0.0008468   0.0041236
         -0.0008853
          0.0000000  -0.0008298
         -0.0000317   0.0000000   0.0356845
Energy
-40.88919843
-40.68255895
