 Atomic Coordinates

0.000228975   0.000000000   -0.285478332
-0.000512097   0.000000000   1.928586211
1.977456011   0.000000000   -0.830027372
-0.989590064   -1.713225506   -0.828675703
-0.989590064   1.713225506   -0.828675703
-0.000492070   0.000000000   3.960662566

 Force Constants 

          0.5855136
          0.0000000   0.5841838
         -0.0010500   0.0000000   0.3343954
         -0.0398322   0.0000000   0.0001132   0.0406831
          0.0000000  -0.0397980   0.0000000   0.0000000   0.0406780
          0.0000356   0.0000000  -0.0880127  -0.0000722   0.0000000
         -0.3173665   0.0000000   0.0753957   0.0007287   0.0000000
          0.0000000  -0.0495123   0.0000000   0.0000000  -0.0007789
          0.0779314   0.0000000  -0.0558161   0.0292541   0.0000000
         -0.1164146  -0.1156820  -0.0372622  -0.0003997   0.0006523
         -0.1157628  -0.2496666  -0.0646947   0.0006422   0.0003361
         -0.0384831  -0.0668388  -0.0556628  -0.0146278  -0.0253438
         -0.1164146   0.1156820  -0.0372622  -0.0003997  -0.0006523
          0.1157628  -0.2496666   0.0646947  -0.0006422   0.0003361
         -0.0384831   0.0668388  -0.0556628  -0.0146278   0.0253438
          0.0045142   0.0000000   0.0000655  -0.0007802   0.0000000
          0.0000000   0.0044598   0.0000000   0.0000000  -0.0007733
          0.0000491   0.0000000  -0.0792411  -0.0000396   0.0000000
          0.1018346
         -0.0019680   0.3367586
          0.0000000   0.0000000   0.0459888
         -0.0149677  -0.0833861   0.0000000   0.0610627
          0.0009792  -0.0097423  -0.0249456  -0.0110809   0.1185374
          0.0016909   0.0031226   0.0027566   0.0011133   0.1257063
         -0.0150212   0.0045529   0.0101864   0.0027683   0.0413039
          0.0009792  -0.0097423   0.0249456  -0.0110809   0.0090399
         -0.0016909  -0.0031226   0.0027566  -0.0011133   0.0139859
         -0.0150212   0.0045529  -0.0101864   0.0027683   0.0064863
          0.0000462  -0.0006362   0.0000000  -0.0016377  -0.0010207
          0.0000000   0.0000000  -0.0012107   0.0000000   0.0002830
          0.0311882   0.0008526   0.0000000   0.0041845  -0.0004262
          0.2632807
          0.0716270   0.0609322
         -0.0139859   0.0064863   0.1185374
         -0.0159880   0.0090030  -0.1257063   0.2632807
         -0.0090030   0.0027630   0.0413039  -0.0716270   0.0609322
          0.0002776   0.0007679  -0.0010207  -0.0002776   0.0007679
         -0.0007187   0.0013662  -0.0002830  -0.0007187  -0.0013662
         -0.0007335   0.0042205  -0.0004262   0.0007335   0.0042205
         -0.0010565
          0.0000000  -0.0010384
         -0.0000097   0.0000000   0.0354274
Energy
-40.88919843
-40.68255895
