 Atomic Coordinates

0.034764213   0.000000000   -0.330749565
0.031971553   0.000000000   2.322839309
2.038714564   0.000000000   -0.692950343
-1.240986336   -1.555955168   -0.830809216
-1.240986336   1.555955168   -0.830809216
-0.002977950   0.000000000   3.973069058

 Force Constants 

          0.6705215
          0.0000000   0.4696199
          0.0018435   0.0000000   0.0631284
         -0.0229555   0.0000000   0.0042342   0.0376407
          0.0000000  -0.0207923   0.0000000   0.0000000   0.0338579
          0.0044205   0.0000000   0.1553711  -0.0051044   0.0000000
         -0.3567820   0.0000000   0.0536073  -0.0013855   0.0000000
          0.0000000  -0.0543839   0.0000000   0.0000000  -0.0007485
          0.0677082   0.0000000  -0.0224517   0.0128351   0.0000000
         -0.1469781  -0.1285467  -0.0335040  -0.0002308   0.0007368
         -0.1217627  -0.1996522  -0.0496461   0.0006537   0.0005010
         -0.0365494  -0.0607554  -0.0383157  -0.0077447  -0.0103867
         -0.1469781   0.1285467  -0.0335040  -0.0002308  -0.0007368
          0.1217627  -0.1996522   0.0496461  -0.0006537   0.0005010
         -0.0365494   0.0607554  -0.0383157  -0.0077447   0.0103867
          0.0031722   0.0000000   0.0073229  -0.0128381   0.0000000
          0.0000000   0.0048608   0.0000000   0.0000000  -0.0133191
         -0.0008734   0.0000000  -0.1194163   0.0035245   0.0000000
         -0.0780795
          0.0002516   0.3675799
          0.0000000   0.0000000   0.0390414
         -0.0245742  -0.0617360   0.0000000   0.0344378
          0.0000067  -0.0045008  -0.0183340  -0.0090305   0.1468795
          0.0013687   0.0052077   0.0083544   0.0017132   0.1302418
         -0.0142155   0.0040659   0.0087354   0.0025709   0.0406569
          0.0000067  -0.0045008   0.0183340  -0.0090305   0.0043200
         -0.0013687  -0.0052077   0.0083544  -0.0017132   0.0147248
         -0.0142155   0.0040659  -0.0087354   0.0025709   0.0019066
          0.0004189  -0.0004109   0.0000000  -0.0007462   0.0005101
          0.0000000   0.0000000  -0.0006177   0.0000000   0.0011772
         -0.0242863  -0.0002548   0.0000000   0.0074463  -0.0000357
          0.2241314
          0.0537362   0.0401738
         -0.0147248   0.0019066   0.1468795
         -0.0342675   0.0069393  -0.1302418   0.2241314
         -0.0069393   0.0055973   0.0406569  -0.0537362   0.0401738
          0.0003843  -0.0023353   0.0005101  -0.0003843  -0.0023353
          0.0009328   0.0017311  -0.0011772   0.0009328  -0.0017311
         -0.0002326   0.0041893  -0.0000357   0.0002326   0.0041893
          0.0090566
          0.0000000   0.0072105
         -0.0023249   0.0000000   0.1278778
Energy
-40.87089928
-40.66617123
