 Atomic Coordinates

0.034764213   0.000000000   -0.330749565
0.031971553   0.000000000   2.322839309
2.038714564   0.000000000   -0.692950343
-1.240986336   -1.555955168   -0.830809216
-1.240986336   1.555955168   -0.830809216
-0.002977950   0.000000000   3.973069058

 Force Constants 

          0.6701341
          0.0000000   0.4699865
         -0.0008163   0.0000000   0.0620307
         -0.0229605   0.0000000   0.0045592   0.0383424
          0.0000000  -0.0210585   0.0000000   0.0000000   0.0346259
          0.0049600   0.0000000   0.1559449  -0.0051310   0.0000000
         -0.3564100   0.0000000   0.0542135  -0.0014763   0.0000000
          0.0000000  -0.0548208   0.0000000   0.0000000  -0.0007502
          0.0681775   0.0000000  -0.0220652   0.0128706   0.0000000
         -0.1469321  -0.1280536  -0.0327233  -0.0003532   0.0006752
         -0.1202662  -0.1992879  -0.0490289   0.0004639   0.0004181
         -0.0359927  -0.0600036  -0.0382409  -0.0078979  -0.0105935
         -0.1469321   0.1280536  -0.0327233  -0.0003532  -0.0006752
          0.1202662  -0.1992879   0.0490289  -0.0004639   0.0004181
         -0.0359927   0.0600036  -0.0382409  -0.0078979   0.0105935
          0.0031006   0.0000000   0.0074903  -0.0131992   0.0000000
          0.0000000   0.0044685   0.0000000   0.0000000  -0.0136533
         -0.0003358   0.0000000  -0.1194286   0.0034970   0.0000000
         -0.0779532
          0.0000768   0.3679493
          0.0000000   0.0000000   0.0395996
         -0.0248758  -0.0618002   0.0000000   0.0349142
         -0.0001552  -0.0048434  -0.0187787  -0.0093588   0.1474163
          0.0011014   0.0050158   0.0082227   0.0014433   0.1298037
         -0.0144910   0.0039725   0.0085846   0.0024099   0.0406529
         -0.0001552  -0.0048434   0.0187787  -0.0093588   0.0042183
         -0.0011014  -0.0050158   0.0082227  -0.0014433   0.0152148
         -0.0144910   0.0039725  -0.0085846   0.0024099   0.0017818
          0.0004044  -0.0003762   0.0000000  -0.0005303   0.0004941
          0.0000000   0.0000000  -0.0004741   0.0000000   0.0011387
         -0.0241338  -0.0004351   0.0000000   0.0072070  -0.0001974
          0.2245453
          0.0537818   0.0410192
         -0.0152148   0.0017818   0.1474163
         -0.0348951   0.0067937  -0.1298037   0.2245453
         -0.0067937   0.0053601   0.0406529  -0.0537818   0.0410192
          0.0001975  -0.0025166   0.0004941  -0.0001975  -0.0025166
          0.0009968   0.0014369  -0.0011387   0.0009968  -0.0014369
         -0.0005039   0.0039427  -0.0001974   0.0005039   0.0039427
          0.0094866
          0.0000000   0.0076652
         -0.0023313   0.0000000   0.1284699
Energy
-40.87089928
-40.66617123
