 Atomic Coordinates

0.034764213   0.000000000   -0.330749565
0.031971553   0.000000000   2.322839309
2.038714564   0.000000000   -0.692950343
-1.240986336   -1.555955168   -0.830809216
-1.240986336   1.555955168   -0.830809216
-0.002977950   0.000000000   3.973069058

 Force Constants 

          0.6703191
          0.0000000   0.4696238
          0.0015475   0.0000000   0.0627519
         -0.0229624   0.0000000   0.0042461   0.0377633
          0.0000000  -0.0208405   0.0000000   0.0000000   0.0340112
          0.0044850   0.0000000   0.1557193  -0.0050800   0.0000000
         -0.3565314   0.0000000   0.0536128  -0.0013823   0.0000000
          0.0000000  -0.0546086   0.0000000   0.0000000  -0.0007407
          0.0677006   0.0000000  -0.0223993   0.0128376   0.0000000
         -0.1469820  -0.1282761  -0.0333752  -0.0002593   0.0007138
         -0.1211891  -0.1994797  -0.0495298   0.0006147   0.0004777
         -0.0364585  -0.0606217  -0.0382701  -0.0077769  -0.0104280
         -0.1469820   0.1282761  -0.0333752  -0.0002593  -0.0007138
          0.1211891  -0.1994797   0.0495298  -0.0006147   0.0004777
         -0.0364585   0.0606217  -0.0382701  -0.0077769   0.0104280
          0.0031387   0.0000000   0.0073441  -0.0129001   0.0000000
          0.0000000   0.0047848   0.0000000   0.0000000  -0.0133854
         -0.0008161   0.0000000  -0.1195316   0.0035500   0.0000000
         -0.0784576
          0.0002107   0.3674335
          0.0000000   0.0000000   0.0391984
         -0.0246301  -0.0616136   0.0000000   0.0345065
         -0.0000187  -0.0045739  -0.0184216  -0.0091091   0.1469388
          0.0013169   0.0051960   0.0083629   0.0016747   0.1299414
         -0.0143088   0.0040442   0.0087077   0.0025417   0.0406754
         -0.0000187  -0.0045739   0.0184216  -0.0091091   0.0043779
         -0.0013169  -0.0051960   0.0083629  -0.0016747   0.0148905
         -0.0143088   0.0040442  -0.0087077   0.0025417   0.0018887
          0.0004216  -0.0003718   0.0000000  -0.0007064   0.0004985
          0.0000000   0.0000000  -0.0005750   0.0000000   0.0011520
         -0.0240141  -0.0002983   0.0000000   0.0074395  -0.0000612
          0.2241489
          0.0537488   0.0403621
         -0.0148905   0.0018887   0.1469388
         -0.0344458   0.0069238  -0.1299414   0.2241489
         -0.0069238   0.0055535   0.0406754  -0.0537488   0.0403621
          0.0003275  -0.0023730   0.0004985  -0.0003275  -0.0023730
          0.0009360   0.0016694  -0.0011520   0.0009360  -0.0016694
         -0.0002869   0.0041216  -0.0000612   0.0002869   0.0041216
          0.0091362
          0.0000000   0.0073035
         -0.0023133   0.0000000   0.1278632
Energy
-40.87089928
-40.66617123
