 Atomic Coordinates

0.000000000   -0.034877277   -0.330426251
0.000000000   -0.032458866   2.323632373
1.990610831   0.343037550   -0.787022078
-1.163966287   -1.673011369   -0.707138284
-0.826644546   1.774827730   -0.866905873
0.000000000   0.003214428   3.974919930

 Force Constants 

          0.5539130
          0.0864545   0.5835224
          0.0074404  -0.0088629   0.0645736
         -0.0215332  -0.0010056  -0.0002937   0.0355860
         -0.0010802  -0.0220965  -0.0039355   0.0017415   0.0358643
         -0.0004980  -0.0040651   0.1557209   0.0000686   0.0050490
         -0.2940083  -0.0401821   0.0544708   0.0000539   0.0001061
         -0.0515334  -0.0551206   0.0051050  -0.0000765  -0.0006321
          0.0655632   0.0008761  -0.0325343   0.0129397   0.0017540
         -0.1507652  -0.1424415  -0.0298681  -0.0008712  -0.0002785
         -0.1335236  -0.2481268  -0.0443183  -0.0001286  -0.0009641
         -0.0344027  -0.0574555  -0.0240499  -0.0071444  -0.0106744
         -0.0919793   0.0982731  -0.0311473  -0.0001899  -0.0008007
          0.1007827  -0.2623451   0.0588221  -0.0008415   0.0009685
         -0.0381131   0.0686310  -0.0441409  -0.0055808   0.0114511
          0.0043731  -0.0010985  -0.0006020  -0.0130455   0.0003117
         -0.0011000   0.0041666  -0.0068103   0.0003107  -0.0131401
          0.0000103   0.0008764  -0.1195694   0.0000106  -0.0036442
         -0.0798457
         -0.0008061   0.3148817
          0.0004126   0.0376847   0.0510089
         -0.0182811  -0.0611890  -0.0092319   0.0381129
          0.0000630   0.0022999  -0.0164273  -0.0094162   0.1408674
         -0.0001286   0.0028308   0.0072919   0.0018699   0.1479159
         -0.0237896   0.0024765   0.0089090   0.0016732   0.0349666
          0.0011334  -0.0238976   0.0297240  -0.0077565   0.0088643
         -0.0008153  -0.0003486  -0.0023176   0.0013991   0.0108831
         -0.0106298   0.0049646  -0.0051841   0.0054900   0.0041643
          0.0000391   0.0006704   0.0006286  -0.0001411  -0.0003953
         -0.0004526  -0.0000908  -0.0002305   0.0033328   0.0003484
         -0.0231747   0.0000832  -0.0000105   0.0055394   0.0000905
          0.2564895
          0.0503214   0.0349917
         -0.0170778   0.0051573   0.1068120
         -0.0143797   0.0075367  -0.1097370   0.2766673
         -0.0079659   0.0038326   0.0327950  -0.0671452   0.0424459
         -0.0000166  -0.0010533   0.0003905  -0.0007386   0.0017701
         -0.0003107   0.0013629  -0.0003816   0.0014066   0.0002131
          0.0002216   0.0073420  -0.0001819   0.0002027   0.0030022
          0.0080068
          0.0009133   0.0081081
         -0.0000126   0.0023541   0.1268605
Energy
-40.87121072
-40.66652243
