 Atomic Coordinates

0.000000000   -0.034877277   -0.330426251
0.000000000   -0.032458866   2.323632373
1.990610831   0.343037550   -0.787022078
-1.163966287   -1.673011369   -0.707138284
-0.826644546   1.774827730   -0.866905873
0.000000000   0.003214428   3.974919930

 Force Constants 

          0.5539020
          0.0862324   0.5835277
          0.0070268  -0.0092391   0.0644873
         -0.0215382  -0.0009760  -0.0002602   0.0356655
         -0.0010337  -0.0220836  -0.0038652   0.0017444   0.0359426
         -0.0004140  -0.0039875   0.1556684   0.0000522   0.0050302
         -0.2940441  -0.0401138   0.0545925   0.0000389   0.0000925
         -0.0514775  -0.0550768   0.0052043  -0.0000829  -0.0006509
          0.0656635   0.0009603  -0.0324674   0.0129429   0.0017414
         -0.1507599  -0.1424190  -0.0297513  -0.0008821  -0.0002915
         -0.1335488  -0.2481582  -0.0442490  -0.0001301  -0.0009744
         -0.0343413  -0.0573959  -0.0240906  -0.0071551  -0.0106941
         -0.0919476   0.0983639  -0.0310526  -0.0001936  -0.0008158
          0.1009095  -0.2623818   0.0589300  -0.0008594   0.0009516
         -0.0380154   0.0687050  -0.0440919  -0.0055957   0.0114558
          0.0043878  -0.0010875  -0.0005552  -0.0130904   0.0003041
         -0.0010820   0.0041726  -0.0067811   0.0003040  -0.0131852
          0.0000804   0.0009572  -0.1195057   0.0000159  -0.0036681
         -0.0796249
         -0.0008247   0.3150142
          0.0003907   0.0376767   0.0510360
         -0.0183212  -0.0612543  -0.0092569   0.0381750
          0.0000465   0.0022694  -0.0164781  -0.0094538   0.1409311
         -0.0001387   0.0028124   0.0072567   0.0018504   0.1479857
         -0.0237827   0.0024677   0.0089066   0.0016578   0.0349515
          0.0011112  -0.0239389   0.0297381  -0.0077807   0.0088387
         -0.0008287  -0.0003724  -0.0023303   0.0013737   0.0108587
         -0.0106614   0.0049527  -0.0052140   0.0054594   0.0041355
          0.0000287   0.0006604   0.0006238  -0.0001175  -0.0003972
         -0.0004661  -0.0000954  -0.0002347   0.0033311   0.0003443
         -0.0232783   0.0000659  -0.0000307   0.0054964   0.0000715
          0.2565902
          0.0503105   0.0350650
         -0.0171016   0.0051506   0.1068550
         -0.0144071   0.0075358  -0.1097953   0.2767658
         -0.0079820   0.0038154   0.0327728  -0.0671967   0.0425150
         -0.0000175  -0.0010735   0.0003864  -0.0007411   0.0017500
         -0.0003072   0.0013371  -0.0003892   0.0014019   0.0002319
          0.0002087   0.0073352  -0.0002013   0.0001859   0.0029634
          0.0080530
          0.0009183   0.0081527
         -0.0000325   0.0023471   0.1269891
Energy
-40.87121072
-40.66652243
