 Atomic Coordinates

0.000000000   -0.034877277   -0.330426251
0.000000000   -0.032458866   2.323632373
1.990610831   0.343037550   -0.787022078
-1.163966287   -1.673011369   -0.707138284
-0.826644546   1.774827730   -0.866905873
0.000000000   0.003214428   3.974919930

 Force Constants 

          0.5539736
          0.0864744   0.5836481
          0.0066105  -0.0095260   0.0646233
         -0.0215270  -0.0009747  -0.0001694   0.0356954
         -0.0010316  -0.0220850  -0.0037911   0.0017468   0.0359811
         -0.0003299  -0.0038903   0.1553787   0.0000153   0.0050009
         -0.2942133  -0.0401170   0.0547460   0.0000161   0.0000982
         -0.0515557  -0.0549420   0.0052457  -0.0000824  -0.0006588
          0.0657921   0.0009499  -0.0324113   0.0129484   0.0017481
         -0.1507707  -0.1426766  -0.0296488  -0.0008870  -0.0002916
         -0.1339068  -0.2482830  -0.0442352  -0.0001273  -0.0009641
         -0.0342825  -0.0573702  -0.0242101  -0.0071625  -0.0106923
         -0.0918655   0.0984271  -0.0310081  -0.0001913  -0.0008265
          0.1011008  -0.2625265   0.0590442  -0.0008659   0.0009385
         -0.0379483   0.0687991  -0.0440500  -0.0055987   0.0114546
          0.0044029  -0.0011332  -0.0005302  -0.0131062   0.0003047
         -0.0010812   0.0041884  -0.0067375   0.0003036  -0.0132117
          0.0001581   0.0010374  -0.1193307  -0.0000331  -0.0037202
         -0.0790611
         -0.0008294   0.3152537
          0.0003752   0.0377021   0.0510040
         -0.0183521  -0.0614052  -0.0092543   0.0382214
          0.0000384   0.0022669  -0.0164634  -0.0094683   0.1410095
         -0.0001370   0.0027999   0.0071558   0.0018395   0.1482844
         -0.0236828   0.0024610   0.0089140   0.0016471   0.0349133
          0.0010955  -0.0239512   0.0297647  -0.0077558   0.0087669
         -0.0008470  -0.0003794  -0.0023067   0.0013810   0.0107868
         -0.0106775   0.0049647  -0.0052386   0.0054616   0.0040980
          0.0000101   0.0006278   0.0006347  -0.0001112  -0.0003857
         -0.0005019  -0.0001039  -0.0002522   0.0033357   0.0003605
         -0.0236053   0.0000628  -0.0000421   0.0054333   0.0000674
          0.2567596
          0.0502780   0.0350583
         -0.0170595   0.0051441   0.1068449
         -0.0143845   0.0075412  -0.1099055   0.2768922
         -0.0079546   0.0037974   0.0327370  -0.0672958   0.0425354
          0.0000093  -0.0010735   0.0003963  -0.0007369   0.0017473
         -0.0002837   0.0013292  -0.0004003   0.0013870   0.0002354
          0.0002093   0.0073901  -0.0002127   0.0001764   0.0029330
          0.0080649
          0.0009213   0.0081721
         -0.0000425   0.0023391   0.1271796
Energy
-40.87121072
-40.66652243
