 Atomic Coordinates

0.000000000   0.031468618   -0.330426251
0.000000000   -0.434559627   2.323632373
1.990610831   -0.048119237   -0.787022078
-0.978391583   -1.742744181   -0.645347593
-1.012219249   1.705094918   -0.928696564
0.000000000   0.145333707   3.974919930

 Force Constants 

          0.5970121
         -0.0194824   0.5846117
         -0.0032764  -0.0130507   0.0615567
         -0.0227979   0.0038850   0.0003769   0.0442147
          0.0037783  -0.0245347   0.0091769  -0.0004816   0.0579603
          0.0026225  -0.0357440   0.1561029  -0.0001330   0.0249538
         -0.3356705   0.0109905   0.0635264  -0.0004401  -0.0005202
          0.0163040  -0.0524562   0.0021470  -0.0046315  -0.0012363
          0.0768992  -0.0010049  -0.0340273   0.0120636  -0.0004161
         -0.1154472  -0.1180466  -0.0216664  -0.0046314  -0.0009460
         -0.1204599  -0.2677406  -0.0348837   0.0007933  -0.0016854
         -0.0282981  -0.0519209  -0.0145878  -0.0065561  -0.0115911
         -0.1284576   0.1236467  -0.0391220   0.0025627  -0.0020317
          0.1210449  -0.2529536   0.0697989   0.0002187   0.0006136
         -0.0477030   0.0835593  -0.0557001  -0.0055728   0.0090633
          0.0053610  -0.0009931   0.0001614  -0.0189080   0.0002011
         -0.0011850   0.0130732  -0.0331885   0.0002162  -0.0311175
         -0.0002442   0.0181612  -0.1133444  -0.0001786  -0.0311868
         -0.1285210
         -0.0016357   0.3531733
         -0.0018450  -0.0113834   0.0473991
         -0.0174231  -0.0709731  -0.0011334   0.0402215
          0.0000810  -0.0101376  -0.0259937  -0.0079671   0.1196405
         -0.0018368   0.0038535   0.0033839   0.0004294   0.1296047
         -0.0372372   0.0043971   0.0080764   0.0024905   0.0258029
         -0.0008129  -0.0079733   0.0232823  -0.0101586   0.0092663
         -0.0005429  -0.0032486   0.0025864   0.0001463   0.0149155
          0.0014028   0.0043155  -0.0076556   0.0039844   0.0040920
         -0.0001218   0.0010481   0.0024223   0.0001360   0.0013094
          0.0150149   0.0003083   0.0003231   0.0019787   0.0004661
          0.0256757   0.0003699   0.0004105   0.0047540  -0.0003424
          0.2809752
          0.0425969   0.0343502
         -0.0133784   0.0050339   0.1253137
         -0.0149254   0.0089837  -0.1316039   0.2632480
         -0.0064980   0.0034873   0.0448173  -0.0779363   0.0485690
         -0.0004132  -0.0003797  -0.0007118  -0.0013265   0.0000510
         -0.0000078   0.0038549   0.0000850   0.0014309  -0.0005327
          0.0001922   0.0114971   0.0002423  -0.0004497  -0.0017433
          0.0119012
          0.0001094   0.0162980
          0.0001532   0.0128727   0.0731609
Energy
-40.87246544
-40.66876471
