 Atomic Coordinates

0.000000000   0.031468618   -0.330426251
0.000000000   -0.434559627   2.323632373
1.990610831   -0.048119237   -0.787022078
-0.978391583   -1.742744181   -0.645347593
-1.012219249   1.705094918   -0.928696564
0.000000000   0.145333707   3.974919930

 Force Constants 

          0.5972065
         -0.0187999   0.5848118
         -0.0028667  -0.0124630   0.0619186
         -0.0227997   0.0038332   0.0003319   0.0440452
          0.0037008  -0.0245272   0.0090678  -0.0004726   0.0577558
          0.0025264  -0.0358091   0.1557832  -0.0001295   0.0250729
         -0.3359160   0.0109526   0.0634849  -0.0004288  -0.0004904
          0.0161916  -0.0523613   0.0019713  -0.0046040  -0.0012141
          0.0768958  -0.0012055  -0.0341176   0.0120525  -0.0003924
         -0.1154948  -0.1184322  -0.0217967  -0.0045850  -0.0009239
         -0.1209059  -0.2679276  -0.0350722   0.0007987  -0.0016363
         -0.0283504  -0.0520100  -0.0145984  -0.0065305  -0.0115571
         -0.1283810   0.1235143  -0.0392808   0.0025831  -0.0020221
          0.1210218  -0.2530617   0.0696495   0.0002277   0.0006383
         -0.0478371   0.0834897  -0.0557582  -0.0055402   0.0090487
          0.0053850  -0.0010680   0.0001275  -0.0188147   0.0002082
         -0.0012084   0.0130660  -0.0331534   0.0002170  -0.0310165
         -0.0003680   0.0179980  -0.1132276  -0.0001842  -0.0312400
         -0.1282670
         -0.0015985   0.3532746
         -0.0018198  -0.0114331   0.0472748
         -0.0173571  -0.0710726  -0.0010709   0.0401167
          0.0001085  -0.0100144  -0.0258541  -0.0078902   0.1195439
         -0.0018069   0.0038800   0.0033359   0.0004810   0.1298576
         -0.0371082   0.0043980   0.0080891   0.0025153   0.0257824
         -0.0007821  -0.0079244   0.0232728  -0.0100680   0.0092298
         -0.0005202  -0.0032192   0.0026568   0.0001973   0.0148662
          0.0014549   0.0043688  -0.0076211   0.0040440   0.0040983
         -0.0001249   0.0010090   0.0024269   0.0000824   0.0013205
          0.0148831   0.0003101   0.0003080   0.0019905   0.0004865
          0.0254942   0.0004193   0.0004514   0.0047986  -0.0003023
          0.2810012
          0.0425650   0.0341417
         -0.0132621   0.0050420   0.1251904
         -0.0147942   0.0089978  -0.1315833   0.2631442
         -0.0064114   0.0035067   0.0448130  -0.0779198   0.0484090
         -0.0003683  -0.0003415  -0.0006978  -0.0013131   0.0000972
          0.0000210   0.0039152   0.0000804   0.0014167  -0.0005861
          0.0002446   0.0115427   0.0002760  -0.0004047  -0.0016564
          0.0117979
          0.0001143   0.0162048
          0.0001593   0.0129507   0.0730485
Energy
-40.87246544
-40.66876471
