 Atomic Coordinates

0.000000000   0.031468618   -0.330426251
0.000000000   -0.434559627   2.323632373
1.990610831   -0.048119237   -0.787022078
-0.978391583   -1.742744181   -0.645347593
-1.012219249   1.705094918   -0.928696564
0.000000000   0.145333707   3.974919930

 Force Constants 

          0.5967496
         -0.0220551   0.5844374
         -0.0061591  -0.0159700   0.0606996
         -0.0227615   0.0042266   0.0007660   0.0449259
          0.0040984  -0.0245331   0.0095723  -0.0005207   0.0586883
          0.0031621  -0.0351824   0.1562957  -0.0002031   0.0248322
         -0.3355514   0.0116389   0.0642668  -0.0005563  -0.0006087
          0.0169879  -0.0524633   0.0029025  -0.0047802  -0.0013425
          0.0774804  -0.0001961  -0.0336115   0.0121002  -0.0005183
         -0.1153807  -0.1173493  -0.0209361  -0.0048073  -0.0010274
         -0.1197107  -0.2676237  -0.0340894   0.0007323  -0.0018125
         -0.0279228  -0.0514741  -0.0147567  -0.0066684  -0.0117503
         -0.1284192   0.1243689  -0.0382775   0.0024985  -0.0021199
          0.1217445  -0.2528625   0.0706180   0.0001453   0.0005084
         -0.0469305   0.0840651  -0.0554386  -0.0057381   0.0090983
          0.0053632  -0.0008301   0.0003400  -0.0192992   0.0001782
         -0.0010650   0.0130452  -0.0330334   0.0001967  -0.0315085
          0.0003700   0.0187575  -0.1131884  -0.0002566  -0.0312341
         -0.1278427
         -0.0017792   0.3537939
         -0.0019710  -0.0115486   0.0477889
         -0.0176942  -0.0712118  -0.0013565   0.0407331
         -0.0000558  -0.0104517  -0.0264585  -0.0082445   0.1201066
         -0.0019733   0.0036837   0.0032587   0.0002144   0.1295121
         -0.0374396   0.0043558   0.0080651   0.0023694   0.0257739
         -0.0009706  -0.0082882   0.0233715  -0.0104709   0.0092127
         -0.0006780  -0.0034445   0.0024298  -0.0000803   0.0148895
          0.0011824   0.0041634  -0.0078838   0.0037368   0.0039611
         -0.0001533   0.0010536   0.0024279   0.0003467   0.0013203
          0.0149724   0.0002791   0.0003284   0.0019368   0.0004335
          0.0254984   0.0002051   0.0002437   0.0044664  -0.0004985
          0.2815557
          0.0425786   0.0351072
         -0.0137314   0.0049881   0.1257446
         -0.0153443   0.0089656  -0.1319436   0.2638194
         -0.0067476   0.0033820   0.0446674  -0.0781938   0.0491608
         -0.0004860  -0.0005266  -0.0007484  -0.0013912  -0.0001233
         -0.0000338   0.0036151   0.0000546   0.0014492  -0.0003380
          0.0000173   0.0113378   0.0000635  -0.0006315  -0.0020234
          0.0123104
          0.0001011   0.0167195
          0.0001166   0.0128471   0.0739093
Energy
-40.87246544
-40.66876471
