 Atomic Coordinates

0.031060675   0.000000000   -0.332042014
-0.436482568   0.000000000   2.319414166
1.984697031   0.000000000   -0.936226873
-1.034025247   -1.710004730   -0.697173333
-1.034025247   1.710004730   -0.697173333
0.149705021   0.000000000   3.967900362

 Force Constants 

          0.6055963
          0.0000000   0.5791712
         -0.0143713   0.0000000   0.0566696
         -0.0281696   0.0000000   0.0098290   0.0594334
          0.0000000  -0.0191066   0.0000000   0.0000000   0.0443514
         -0.0372404   0.0000000   0.1565073   0.0246640   0.0000000
         -0.3281854   0.0000000   0.0818641   0.0020154   0.0000000
          0.0000000  -0.0544348   0.0000000   0.0000000   0.0017968
          0.0984000   0.0000000  -0.0567242   0.0105077   0.0000000
         -0.1318657  -0.1302544  -0.0218737  -0.0007101   0.0031326
         -0.1246511  -0.2546500  -0.0432242  -0.0003466  -0.0041059
         -0.0329886  -0.0537928  -0.0214408  -0.0068583  -0.0112694
         -0.1318657   0.1302544  -0.0218737  -0.0007101  -0.0031326
          0.1246511  -0.2546500   0.0432242   0.0003466  -0.0041059
         -0.0329886   0.0537928  -0.0214408  -0.0068583   0.0112694
          0.0144901   0.0000000  -0.0335745  -0.0318589   0.0000000
          0.0000000   0.0036703   0.0000000   0.0000000  -0.0188298
          0.0191887   0.0000000  -0.1135711  -0.0312841   0.0000000
         -0.1267947
          0.0003759   0.3436741
          0.0000000   0.0000000   0.0462776
          0.0035794  -0.0914246   0.0000000   0.0490975
         -0.0015047  -0.0094098  -0.0239404  -0.0084170   0.1328106
          0.0005719   0.0036104   0.0035682  -0.0002192   0.1369619
         -0.0292902   0.0051001   0.0085202   0.0034941   0.0273431
         -0.0015047  -0.0094098   0.0239404  -0.0084170   0.0094848
         -0.0005719  -0.0036104   0.0035682   0.0002192   0.0155853
         -0.0292902   0.0051001  -0.0085202   0.0034941   0.0043520
          0.0152098   0.0013155   0.0000000  -0.0006492  -0.0003098
          0.0000000   0.0000000  -0.0007762   0.0000000  -0.0014850
          0.0252885  -0.0010157   0.0000000  -0.0029408   0.0001003
          0.2703604
          0.0505610   0.0368028
         -0.0155853   0.0043520   0.1328106
         -0.0169042   0.0068319  -0.1369619   0.2703604
         -0.0068319   0.0019238   0.0273431  -0.0505610   0.0368028
          0.0000107   0.0030517  -0.0003098  -0.0000107   0.0030517
          0.0017315  -0.0008509   0.0014850   0.0017315   0.0008509
         -0.0008577   0.0085103   0.0001003   0.0008577   0.0085103
          0.0166730
          0.0000000   0.0124727
          0.0129105   0.0000000   0.0742027
Energy
-40.87239865
-40.66866534
