 Atomic Coordinates

0.031060675   0.000000000   -0.332042014
-0.436482568   0.000000000   2.319414166
1.984697031   0.000000000   -0.936226873
-1.034025247   -1.710004730   -0.697173333
-1.034025247   1.710004730   -0.697173333
0.149705021   0.000000000   3.967900362

 Force Constants 

          0.6059342
          0.0000000   0.5786907
         -0.0107391   0.0000000   0.0580013
         -0.0281412   0.0000000   0.0092888   0.0583971
          0.0000000  -0.0188509   0.0000000   0.0000000   0.0433346
         -0.0379446   0.0000000   0.1559783   0.0249176   0.0000000
         -0.3285206   0.0000000   0.0809583   0.0021354   0.0000000
          0.0000000  -0.0539566   0.0000000   0.0000000   0.0017048
          0.0977397   0.0000000  -0.0572935   0.0104471   0.0000000
         -0.1318987  -0.1307931  -0.0229017  -0.0005383   0.0031636
         -0.1265240  -0.2550969  -0.0440555  -0.0001039  -0.0038935
         -0.0336991  -0.0548070  -0.0215250  -0.0066855  -0.0109904
         -0.1318987   0.1307931  -0.0229017  -0.0005383  -0.0031636
          0.1265240  -0.2550969   0.0440555   0.0001039  -0.0038935
         -0.0336991   0.0548070  -0.0215250  -0.0066855   0.0109904
          0.0145251   0.0000000  -0.0337044  -0.0313146   0.0000000
          0.0000000   0.0043106   0.0000000   0.0000000  -0.0184015
          0.0183423   0.0000000  -0.1136361  -0.0312824   0.0000000
         -0.1273395
          0.0005466   0.3430330
          0.0000000   0.0000000   0.0455075
          0.0038960  -0.0911937   0.0000000   0.0484046
         -0.0013259  -0.0089540  -0.0233340  -0.0080105   0.1320915
          0.0009246   0.0038990   0.0038463   0.0001873   0.1374235
         -0.0289280   0.0052254   0.0087313   0.0037459   0.0273774
         -0.0013259  -0.0089540   0.0233340  -0.0080105   0.0095820
         -0.0009246  -0.0038990   0.0038463  -0.0001873   0.0149232
         -0.0289280   0.0052254  -0.0087313   0.0037459   0.0045188
          0.0151323   0.0012601   0.0000000  -0.0009721  -0.0002824
          0.0000000   0.0000000  -0.0009483   0.0000000  -0.0013833
          0.0253211  -0.0007620   0.0000000  -0.0024988   0.0003419
          0.2697353
          0.0504594   0.0356956
         -0.0149232   0.0045188   0.1320915
         -0.0161982   0.0070328  -0.1374235   0.2697353
         -0.0070328   0.0022218   0.0273774  -0.0504594   0.0356956
          0.0002286   0.0032630  -0.0002824  -0.0002286   0.0032630
          0.0016069  -0.0004261   0.0013833   0.0016069   0.0004261
         -0.0004830   0.0087897   0.0003419   0.0004830   0.0087897
          0.0160942
          0.0000000   0.0118254
          0.0130183   0.0000000   0.0732343
Energy
-40.87239865
-40.66866534
