 Atomic Coordinates

0.031060675   0.000000000   -0.332042014
-0.436482568   0.000000000   2.319414166
1.984697031   0.000000000   -0.936226873
-1.034025247   -1.710004730   -0.697173333
-1.034025247   1.710004730   -0.697173333
0.149705021   0.000000000   3.967900362

 Force Constants 

          0.6057855
          0.0000000   0.5786132
         -0.0112001   0.0000000   0.0576119
         -0.0281541   0.0000000   0.0093937   0.0586234
          0.0000000  -0.0188626   0.0000000   0.0000000   0.0435366
         -0.0378694   0.0000000   0.1563012   0.0247980   0.0000000
         -0.3283074   0.0000000   0.0810080   0.0021214   0.0000000
          0.0000000  -0.0541840   0.0000000   0.0000000   0.0017115
          0.0977437   0.0000000  -0.0571926   0.0104653   0.0000000
         -0.1319170  -0.1305206  -0.0227289  -0.0005819   0.0031568
         -0.1258762  -0.2548727  -0.0439062  -0.0001542  -0.0039477
         -0.0336011  -0.0546246  -0.0214869  -0.0067135  -0.0110460
         -0.1319170   0.1305206  -0.0227289  -0.0005819  -0.0031568
          0.1258762  -0.2548727   0.0439062   0.0001542  -0.0039477
         -0.0336011   0.0546246  -0.0214869  -0.0067135   0.0110460
          0.0145101   0.0000000  -0.0337439  -0.0314269   0.0000000
          0.0000000   0.0041788   0.0000000   0.0000000  -0.0184902
          0.0185280   0.0000000  -0.1137465  -0.0312300   0.0000000
         -0.1275650
          0.0005229   0.3429862
          0.0000000   0.0000000   0.0456940
          0.0038500  -0.0911139   0.0000000   0.0485396
         -0.0013564  -0.0090482  -0.0234482  -0.0080980   0.1322053
          0.0008566   0.0038683   0.0038354   0.0001151   0.1371150
         -0.0290398   0.0051996   0.0086865   0.0036973   0.0273995
         -0.0013564  -0.0090482   0.0234482  -0.0080980   0.0096337
         -0.0008566  -0.0038683   0.0038354  -0.0001151   0.0151204
         -0.0290398   0.0051996  -0.0086865   0.0036973   0.0044937
          0.0152613   0.0012962   0.0000000  -0.0008991  -0.0002918
          0.0000000   0.0000000  -0.0008924   0.0000000  -0.0014233
          0.0254934  -0.0008162   0.0000000  -0.0025916   0.0002901
          0.2697503
          0.0504984   0.0359315
         -0.0151204   0.0044937   0.1322053
         -0.0163863   0.0070016  -0.1371150   0.2697503
         -0.0070016   0.0021601   0.0273995  -0.0504984   0.0359315
          0.0001674   0.0032218  -0.0002918  -0.0001674   0.0032218
          0.0016210  -0.0005159   0.0014233   0.0016210   0.0005159
         -0.0005624   0.0087379   0.0002901   0.0005624   0.0087379
          0.0162042
          0.0000000   0.0119618
          0.0129381   0.0000000   0.0733690
Energy
-40.87239865
-40.66866534
