 Atomic Coordinates
    0.000000000    0.000000000   -0.330426226
    0.000000000    0.000000000    2.323632197
    1.990610681    0.000000000   -0.787022019
   -0.995305341   -1.723919419   -0.787022019
   -0.995305341    1.723919419   -0.787022019
    0.000000000    0.000000000    3.974919629

 Force Constants
           0.6046804
           0.0000000   0.6059710
          -0.0081025   0.0000000   0.0706376
          -0.0214856   0.0000000   0.0014677   0.0362363
           0.0000000  -0.0218665   0.0000000   0.0000000   0.0362129
           0.0014080   0.0000000   0.1496012  -0.0007140   0.0000000
          -0.3427050   0.0000000   0.0667995  -0.0003504   0.0000000
           0.0000000  -0.0485696   0.0000000   0.0000000  -0.0008638
           0.0801622   0.0000000  -0.0333032   0.0129024   0.0000000
          -0.1228375  -0.1278477  -0.0304085  -0.0004228   0.0005223
          -0.1307293  -0.2700082  -0.0549831   0.0004837   0.0000408
          -0.0373656  -0.0667101  -0.0352987  -0.0063688  -0.0110415
          -0.1228375   0.1278477  -0.0304085  -0.0004228  -0.0005223
           0.1307293  -0.2700082   0.0549831  -0.0004837   0.0000408
          -0.0373656   0.0667101  -0.0352987  -0.0063688   0.0110415
           0.0051853   0.0000000   0.0006523  -0.0135547   0.0000000
           0.0000000   0.0044815   0.0000000   0.0000000  -0.0135643
           0.0012637   0.0000000  -0.1163382  -0.0009185   0.0000000
          -0.0681547
          -0.0010979   0.3607939
           0.0000000   0.0000000   0.0456511
          -0.0181579  -0.0749081   0.0000000   0.0404296
           0.0003618  -0.0088249  -0.0250876  -0.0087570   0.1241649
           0.0009952   0.0030631   0.0021982  -0.0000796   0.1389381
          -0.0166004   0.0044596   0.0080595   0.0034172   0.0348174
           0.0003618  -0.0088249   0.0250876  -0.0087570   0.0076844
          -0.0009952  -0.0030631   0.0021982   0.0000796   0.0126369
          -0.0166004   0.0044596  -0.0080595   0.0034172   0.0042129
          -0.0003197  -0.0000887   0.0000000  -0.0006424   0.0002359
           0.0000000   0.0000000  -0.0006141   0.0000000   0.0008380
          -0.0300878   0.0002873   0.0000000   0.0041971  -0.0002266
           0.2807767
           0.0616057   0.0393716
          -0.0126369   0.0042129   0.1241649
          -0.0138448   0.0075218  -0.1389381   0.2807767
          -0.0075218   0.0033390   0.0348174  -0.0616057   0.0393716
           0.0008814   0.0002445   0.0002359  -0.0008814   0.0002445
           0.0008373   0.0005646  -0.0008380   0.0008373  -0.0005646
          -0.0000164   0.0057713  -0.0002266   0.0000164   0.0057713
           0.0079865
           0.0000000   0.0080221
          -0.0001792   0.0000000   0.1306863

 Numerical gradient
         0.000000000         0.000000000        -0.000032138
         0.000000000         0.000000000         0.000016666
         0.000013494         0.000000000         0.000008195
        -0.000006747        -0.000011686         0.000008195
        -0.000006747         0.000011686         0.000008195
         0.000000000         0.000000000        -0.000009114

Energy
    -40.87966392  
