 Atomic Coordinates
    0.000000000    0.000000000    0.000000000
    2.030345845    0.000000000    0.000000000
   -1.015172923   -1.758331081    0.000000000
   -1.015172923    1.758331081    0.000000000

 Force Constants
           0.6460457
           0.0000000   0.6460440
           0.0000000   0.0000000   0.0216452
          -0.3727488   0.0000000   0.0000000   0.3861812
           0.0000000  -0.0579594   0.0000000   0.0000000   0.0478969
           0.0000000   0.0000000  -0.0072151   0.0000000   0.0000000
          -0.1366485  -0.1363025   0.0000000  -0.0067162  -0.0247485
          -0.1362441  -0.2940423   0.0000000   0.0043470   0.0050312
           0.0000000   0.0000000  -0.0072151   0.0000000   0.0000000
          -0.1366485   0.1363025   0.0000000  -0.0067162   0.0247485
           0.1362441  -0.2940423   0.0000000  -0.0043470   0.0050312
           0.0000000   0.0000000  -0.0072151   0.0000000   0.0000000
           0.0024050
           0.0000000   0.1324623
           0.0000000   0.1464740   0.3016068
           0.0024050   0.0000000   0.0000000   0.0024050
           0.0000000   0.0109024  -0.0145770   0.0000000   0.1324623
           0.0000000   0.0145770  -0.0125957   0.0000000  -0.1464740
           0.0024050   0.0000000   0.0000000   0.0024050   0.0000000
           0.3016068
           0.0000000   0.0024050

 Numerical gradient
         0.000000000         0.000000000         0.000000000
         0.000012623         0.000000000         0.000000000
        -0.000006311        -0.000010932         0.000000000
        -0.000006311         0.000010932         0.000000000

Energy
    -39.73569049 
    -39.76359163
    -39.77863360
