 Atomic Coordinates

0.000000000   0.000000000   0.000001556
0.000000000   0.000000000   2.051034969
1.933729929   0.000000000   -0.683684502
-0.966864965   -1.674659243   -0.683684502
-0.966864965   1.674659243   -0.683684502

 Force Constants 

          0.5659520
          0.0000000   0.5659518
         -0.0000118   0.0000000   0.5659773
         -0.0458481   0.0000000   0.0000015   0.0457866
          0.0000000  -0.0458481   0.0000000   0.0000000   0.0457866
          0.0000001   0.0000000  -0.3328115   0.0000000   0.0000000
         -0.3009108   0.0000000   0.0901759   0.0022374   0.0000000
          0.0000000  -0.0458461   0.0000000   0.0000000  -0.0021957
          0.0901757   0.0000000  -0.0777233   0.0323610   0.0000000
         -0.1095965  -0.1104371  -0.0450828  -0.0010879   0.0019193
         -0.1104388  -0.2371288  -0.0780916   0.0019190   0.0011286
         -0.0450820  -0.0780910  -0.0777212  -0.0161813  -0.0280259
         -0.1095965   0.1104371  -0.0450828  -0.0010879  -0.0019193
          0.1104388  -0.2371288   0.0780916  -0.0019190   0.0011286
         -0.0450820   0.0780910  -0.0777212  -0.0161813   0.0280259
          0.3582589
         -0.0020484   0.3235240
          0.0000000   0.0000000   0.0457861
         -0.0084824  -0.0981927   0.0000000   0.0805006
          0.0010242  -0.0124253  -0.0257834  -0.0121720   0.1152104
          0.0017740   0.0023113   0.0011279   0.0012174   0.1202549
         -0.0084825   0.0050326   0.0111512   0.0028526   0.0490914
          0.0010242  -0.0124253   0.0257834  -0.0121720   0.0078994
         -0.0017740  -0.0023113   0.0011279  -0.0012174   0.0140463
         -0.0084825   0.0050326  -0.0111512   0.0028526   0.0071392
          0.2540740
          0.0850330   0.0804992
         -0.0140463   0.0071392   0.1152104
         -0.0192017   0.0099327  -0.1202549   0.2540740
         -0.0099327   0.0028519   0.0490914  -0.0850330   0.0804992
Numerical gradient
0.000000000 0.000000000 0.000033903
0.000000000 0.000000000 -0.000037887
-0.000005418 0.000000000 0.000001328
0.000002709 0.000004692 0.000001328
0.000002709 -0.000004692 0.000001328

Energy
    -40.41166653
    -40.44087814 
    -40.45787369 
