 Atomic Coordinates
    0.000000000    0.000000000   -0.696379694
    0.000000000    0.000000000    0.696379694

 Force Constants
           0.0000000
           0.0000000   0.0000000
           0.0000000   0.0000000   0.3907741
           0.0000000   0.0000000   0.0000000   0.0000000
           0.0000000   0.0000000   0.0000000   0.0000000   0.0000000
           0.0000000   0.0000000  -0.3907741   0.0000000   0.0000000
           0.3907741

Energy
     -1.16464978 
     -1.17231562 
     -1.17477659 
