Number of bound modes
11

Frequencies (a.u.)
0.014997401785995245, 0.014990767079210736, 0.014277083972566757, 0.008876341453665663, 0.006712175585525202, 0.006696211596360016, 0.005247760162199179, 0.005231061550270837, 0.004967007855885633, 0.002697189727432394, 0.0026277900161016045

Coupling anharmonic constants, x_nF (a.u.)
-0.00006644672854762244, -0.000058758516830147536, -6.22625062466123e-6, -0.0022405999961473315, 0.00009918081063897902, 0.0000752074709458212, 0.0006079054041882429, 0.0005932234008282271, 0.00040318466483476543, 0.0005172751876502294, 0.0004461006216504277

Anharmonic constants for bound modes (a.u.)
-0.00013136053398962494,-0.000131264099616473,-0.000300376980103029,0.00011596693211514396,-0.00018244613966167408,-0.000012717792165110594,-0.00001913821223399408,-5.497187352584671e-6,-0.000051570518070864606,-0.0000311972700513567,0.00002186235780864921
-0.000131264099616473,-0.00013766862754019564,-0.0002867604739030468,0.00009642126172911354,-0.000022367275773236052,-0.00014308006424506136,0.000028076449999630664,-3.8405258251787924e-6,-0.00005604254353279681,0.00006365003697242042,0.000026137345956449873
-0.00030037698010302894,-0.0002867604739030468,-0.00007822154314711993,0.00003801124662438618,-0.00001176880146923215,6.311883258719296e-6,-0.00001629666393990236,-0.00002666109732434423,-0.00002847751078462975,-0.00006362153981516495,-0.00006644652391132714
0.00011596693211514396,0.00009642126172911351,0.00003801124662438617,0.0010920643235157468,-0.00007233187326306872,-0.00005459384904273231,-0.0006100863389689541,-0.0006534214234113875,-0.00046894619486353804,-0.000050237105285205474,-0.00005446466213771398
-0.00018244613966167405,-0.000022367275773236042,-0.000011768801469232149,-0.00007233187326306872,-0.00003266221939282929,-0.000022067576008167772,0.000015955068622129245,0.000024415728107712424,-0.00004724382193423328,9.713257455072979e-6,3.1770179561698015e-6
-0.000012717792165110611,-0.00014308006424506136,6.311883258719297e-6,-0.000054593849042732304,-0.00002206757600816781,-0.0000255341055108286,0.000041264200446419666,0.00004685961084036896,-0.00001213998419235358,-1.0640134188751338e-6,0.00007542094950955725
-0.000019138212233994077,0.00002807644999963067,-0.000016296663939902363,-0.000610086338968954,0.000015955068622129255,0.000041264200446419686,0.00033434114183330805,0.00015027114926759457,0.00004158405338261396,-0.00014379015104108443,0.00005622671188897836
-5.497187352584662e-6,-3.840525825178782e-6,-0.00002666109732434423,-0.0006534214234113877,0.0000244157281077124,0.00004685961084036896,0.00015027114926759457,0.0003434408221474577,0.00003038720146899434,0.00004291539160063059,-0.00007776939736658368
-0.000051570518070864626,-0.00005604254353279681,-0.000028477510784629747,-0.0004689461948635381,-0.00004724382193423333,-0.000012139984192353627,0.00004158405338261397,0.00003038720146899433,5.8721960668062045e-6,-0.00004559663362760163,-0.000020580009279603896
-0.0000311972700513567,0.00006365003697242042,-0.00006362153981516493,-0.000050237105285205474,9.713257455072982e-6,-1.064013418875065e-6,-0.00014379015104108443,0.000042915391600630556,-0.00004559663362760154,-0.00001273306788571519,-0.000039371995395539715
0.000021862357808649238,0.000026137345956449893,-0.00006644652391132714,-0.000054464662137713554,3.1770179561697955e-6,0.00007542094950955724,0.00005622671188897839,-0.0000777693973665832,-0.000020580009279603866,-0.000039371995395539654,-3.289623760376825e-6