 Atomic Coordinates
    0.000000000    0.000000000   -0.330426226
    0.000000000    0.000000000    2.323632197
    1.990610681    0.000000000   -0.787022019
   -0.995305341   -1.723919419   -0.787022019
   -0.995305341    1.723919419   -0.787022019
    0.000000000    0.000000000    3.974919629

 Force Constants
           0.6019230
           0.0000000   0.6029383
          -0.0037232   0.0000000   0.0657089
          -0.0215931   0.0000000   0.0004593   0.0366651
           0.0000000  -0.0219329   0.0000000   0.0000000   0.0367224
           0.0007445   0.0000000   0.1561660  -0.0000924   0.0000000
          -0.3378882   0.0000000   0.0641990  -0.0000196   0.0000000
           0.0000000  -0.0524000   0.0000000   0.0000000  -0.0007240
           0.0776966   0.0000000  -0.0337859   0.0129148   0.0000000
          -0.1235422  -0.1235165  -0.0306027  -0.0006636   0.0002914
          -0.1224732  -0.2663369  -0.0540006   0.0001609  -0.0002192
          -0.0377328  -0.0656777  -0.0342959  -0.0065941  -0.0114057
          -0.1235422   0.1235165  -0.0306027  -0.0006636  -0.0002914
           0.1224732  -0.2663369   0.0540006  -0.0001609  -0.0002192
          -0.0377328   0.0656777  -0.0342959  -0.0065941   0.0114057
           0.0046427   0.0000000   0.0002701  -0.0137252   0.0000000
           0.0000000   0.0040682   0.0000000   0.0000000  -0.0136270
           0.0007477   0.0000000  -0.1194972  -0.0000936   0.0000000
          -0.0787240
          -0.0012823   0.3557694
           0.0000000   0.0000000   0.0471160
          -0.0180598  -0.0714853   0.0000000   0.0403971
           0.0003430  -0.0093017  -0.0254437  -0.0093823   0.1242384
           0.0006329   0.0033638   0.0030462  -0.0002358   0.1334879
          -0.0179527   0.0042739   0.0077092   0.0032587   0.0355016
           0.0003430  -0.0093017   0.0254437  -0.0093823   0.0092623
          -0.0006329  -0.0033638   0.0030462   0.0002358   0.0147692
          -0.0179527   0.0042739  -0.0077092   0.0032587   0.0044502
          -0.0000558   0.0007418   0.0000000  -0.0003615   0.0000068
           0.0000000   0.0000000  -0.0000845   0.0000000   0.0004117
          -0.0234767   0.0000208   0.0000000   0.0049313  -0.0003099
           0.2785280
           0.0616561   0.0407249
          -0.0147692   0.0044502   0.1242384
          -0.0156467   0.0075450  -0.1334879   0.2785280
          -0.0075450   0.0032270   0.0355016  -0.0616561   0.0407249
           0.0002297   0.0001012   0.0000068  -0.0002297   0.0001012
           0.0006285   0.0001730  -0.0004117   0.0006285  -0.0001730
          -0.0005076   0.0050380  -0.0003099   0.0005076   0.0050380
           0.0083272
           0.0000000   0.0083863
          -0.0000551   0.0000000   0.1279666

 Numerical gradient
         0.000000000         0.000000000        -0.000032138
         0.000000000         0.000000000         0.000016666
         0.000013494         0.000000000         0.000008195
        -0.000006747        -0.000011686         0.000008195
        -0.000006747         0.000011686         0.000008195
         0.000000000         0.000000000        -0.000009114

Energy
    -40.87966392
    -40.91725818 
    -40.93438346 
