 Atomic Coordinates
    0.000000000    0.000000000   -0.330426226
    0.000000000    0.000000000    2.323632197
    1.990610681    0.000000000   -0.787022019
   -0.995305341   -1.723919419   -0.787022019
   -0.995305341    1.723919419   -0.787022019
    0.000000000    0.000000000    3.974919629

 Force Constants
           0.6021509
           0.0000000   0.6024395
          -0.0010350   0.0000000   0.0666831
          -0.0216043   0.0000000   0.0001332   0.0360089
           0.0000000  -0.0217032   0.0000000   0.0000000   0.0360233
           0.0002197   0.0000000   0.1558886  -0.0000261   0.0000000
          -0.3380016   0.0000000   0.0635494   0.0000723   0.0000000
           0.0000000  -0.0521702   0.0000000   0.0000000  -0.0007425
           0.0771325   0.0000000  -0.0341914   0.0128859   0.0000000
          -0.1235786  -0.1237523  -0.0313657  -0.0005604   0.0003575
          -0.1235473  -0.2665155  -0.0545827   0.0003200  -0.0001233
          -0.0382590  -0.0663666  -0.0343623  -0.0064778  -0.0112142
          -0.1235786   0.1237523  -0.0313657  -0.0005604  -0.0003575
           0.1235473  -0.2665155   0.0545827  -0.0003200  -0.0001233
          -0.0382590   0.0663666  -0.0343623  -0.0064778   0.0112142
           0.0046123   0.0000000   0.0000837  -0.0133561   0.0000000
           0.0000000   0.0044648   0.0000000   0.0000000  -0.0133310
           0.0002009   0.0000000  -0.1196557  -0.0000375   0.0000000
          -0.0792847
          -0.0011574   0.3552355
           0.0000000   0.0000000   0.0466054
          -0.0177904  -0.0712728   0.0000000   0.0399407
           0.0004962  -0.0090261  -0.0250320  -0.0090993   0.1237465
           0.0008681   0.0035651   0.0032487   0.0000482   0.1336386
          -0.0177314   0.0043590   0.0078412   0.0034206   0.0355406
           0.0004962  -0.0090261   0.0250320  -0.0090993   0.0093933
          -0.0008681  -0.0035651   0.0032487  -0.0000482   0.0143629
          -0.0177314   0.0043590  -0.0078412   0.0034206   0.0045833
          -0.0000287   0.0007459   0.0000000  -0.0005470   0.0000252
           0.0000000   0.0000000  -0.0001900   0.0000000   0.0004252
          -0.0233507   0.0001629   0.0000000   0.0052000  -0.0001552
           0.2780285
           0.0616133   0.0400133
          -0.0143629   0.0045833   0.1237465
          -0.0151849   0.0076887  -0.1336386   0.2780285
          -0.0076887   0.0034094   0.0355406  -0.0616133   0.0400133
           0.0003865   0.0002540   0.0000252  -0.0003865   0.0002540
           0.0005465   0.0004377  -0.0004252   0.0005465  -0.0004377
          -0.0002583   0.0052504  -0.0001552   0.0002583   0.0052504
           0.0079476
           0.0000000   0.0079633
          -0.0000158   0.0000000   0.1273055

 Numerical gradient
         0.000000000         0.000000000        -0.000032138
         0.000000000         0.000000000         0.000016666
         0.000013494         0.000000000         0.000008195
        -0.000006747        -0.000011686         0.000008195
        -0.000006747         0.000011686         0.000008195
         0.000000000         0.000000000        -0.000009114


Energy
    -40.87966392  
