 Atomic Coordinates
    0.000000000    0.000000000   -0.330426226
    0.000000000    0.000000000    2.323632197
    1.990610681    0.000000000   -0.787022019
   -0.995305341   -1.723919419   -0.787022019
   -0.995305341    1.723919419   -0.787022019
    0.000000000    0.000000000    3.974919629

 Force Constants
           0.6023263
           0.0000000   0.6024764
          -0.0007362   0.0000000   0.0670638
          -0.0216037   0.0000000   0.0001200   0.0358590
           0.0000000  -0.0216503   0.0000000   0.0000000   0.0358633
           0.0001352   0.0000000   0.1555476  -0.0000473   0.0000000
          -0.3382358   0.0000000   0.0635211   0.0000766   0.0000000
           0.0000000  -0.0519606   0.0000000   0.0000000  -0.0007476
           0.0771439   0.0000000  -0.0342560   0.0128827   0.0000000
          -0.1235588  -0.1239857  -0.0314809  -0.0005296   0.0003746
          -0.1241015  -0.2667101  -0.0547327   0.0003631  -0.0000988
          -0.0383331  -0.0665432  -0.0344107  -0.0064465  -0.0111642
          -0.1235588   0.1239857  -0.0314809  -0.0005296  -0.0003746
           0.1241015  -0.2667101   0.0547327  -0.0003631  -0.0000988
          -0.0383331   0.0665432  -0.0344107  -0.0064465   0.0111642
           0.0046308   0.0000000   0.0000569  -0.0132727   0.0000000
           0.0000000   0.0045545   0.0000000   0.0000000  -0.0132679
           0.0001233   0.0000000  -0.1195340  -0.0000625   0.0000000
          -0.0789149
          -0.0011077   0.3553494
           0.0000000   0.0000000   0.0464504
          -0.0177403  -0.0713841   0.0000000   0.0398592
           0.0005227  -0.0089496  -0.0249434  -0.0090228   0.1236546
           0.0009305   0.0035964   0.0032471   0.0001060   0.1339014
          -0.0176362   0.0043832   0.0078822   0.0034606   0.0355123
           0.0005227  -0.0089496   0.0249434  -0.0090228   0.0093446
          -0.0009305  -0.0035964   0.0032471  -0.0001060   0.0142025
          -0.0176362   0.0043832  -0.0078822   0.0034606   0.0045943
          -0.0000256   0.0007088   0.0000000  -0.0005968   0.0000387
           0.0000000   0.0000000  -0.0002365   0.0000000   0.0004507
          -0.0236201   0.0002042   0.0000000   0.0052159  -0.0001256
           0.2780414
           0.0616023   0.0398154
          -0.0142025   0.0045943   0.1236546
          -0.0150238   0.0077136  -0.1339014   0.2780414
          -0.0077136   0.0034526   0.0355123  -0.0616023   0.0398154
           0.0004431   0.0002897   0.0000387  -0.0004431   0.0002897
           0.0005441   0.0005092  -0.0004507   0.0005441  -0.0005092
          -0.0001925   0.0053183  -0.0001256   0.0001925   0.0053183
           0.0078556
           0.0000000   0.0078616
          -0.0000138   0.0000000   0.1273016

 Numerical gradient
         0.000000000         0.000000000        -0.000032138
         0.000000000         0.000000000         0.000016666
         0.000013494         0.000000000         0.000008195
        -0.000006747        -0.000011686         0.000008195
        -0.000006747         0.000011686         0.000008195
         0.000000000         0.000000000        -0.000009113

Energy
    -40.87966392  
