 Atomic Coordinates
    0.000000000    0.000000000   -0.330426226
    0.000000000    0.000000000    2.323632197
    1.990610681    0.000000000   -0.787022019
   -0.995305341   -1.723919419   -0.787022019
   -0.995305341    1.723919419   -0.787022019
    0.000000000    0.000000000    3.974919629

 Force Constants
           0.6028055
           0.0000000   0.6031467
          -0.0020838   0.0000000   0.0678303
          -0.0215813   0.0000000   0.0003623   0.0359017
           0.0000000  -0.0216799   0.0000000   0.0000000   0.0358985
           0.0003638   0.0000000   0.1543333  -0.0001673   0.0000000
          -0.3391298   0.0000000   0.0641462  -0.0000046   0.0000000
           0.0000000  -0.0512772   0.0000000   0.0000000  -0.0007712
           0.0777232   0.0000000  -0.0340901   0.0128844   0.0000000
          -0.1234177  -0.1247641  -0.0312985  -0.0005026   0.0004063
          -0.1254617  -0.2673749  -0.0548134   0.0003941  -0.0000675
          -0.0381625  -0.0666129  -0.0345907  -0.0064258  -0.0111304
          -0.1234177   0.1247641  -0.0312985  -0.0005026  -0.0004063
           0.1254617  -0.2673749   0.0548134  -0.0003941  -0.0000675
          -0.0381625   0.0666129  -0.0345907  -0.0064258   0.0111304
           0.0047411   0.0000000   0.0001724  -0.0133107   0.0000000
           0.0000000   0.0045601   0.0000000   0.0000000  -0.0133124
           0.0003218   0.0000000  -0.1188921  -0.0002278   0.0000000
          -0.0767885
          -0.0010998   0.3564060
           0.0000000   0.0000000   0.0462673
          -0.0178066  -0.0720776   0.0000000   0.0399513
           0.0004960  -0.0089108  -0.0249520  -0.0089579   0.1237319
           0.0009524   0.0034999   0.0030492   0.0000823   0.1349066
          -0.0174162   0.0044016   0.0079248   0.0034592   0.0353751
           0.0004960  -0.0089108   0.0249520  -0.0089579   0.0090211
          -0.0009524  -0.0034999   0.0030492  -0.0000823   0.0138744
          -0.0174162   0.0044016  -0.0079248   0.0034592   0.0045238
          -0.0000888   0.0005500   0.0000000  -0.0006143   0.0000781
           0.0000000   0.0000000  -0.0003174   0.0000000   0.0005287
          -0.0249059   0.0002278   0.0000000   0.0050270  -0.0001385
           0.2785664
           0.0616058   0.0396931
          -0.0138744   0.0045238   0.1237319
          -0.0147717   0.0076798  -0.1349066   0.2785664
          -0.0076798   0.0034383   0.0353751  -0.0616058   0.0396931
           0.0005355   0.0002877   0.0000781  -0.0005355   0.0002877
           0.0005984   0.0005329  -0.0005287   0.0005984  -0.0005329
          -0.0001474   0.0054164  -0.0001385   0.0001474   0.0054164
           0.0078633
           0.0000000   0.0078730
          -0.0000448   0.0000000   0.1279382

 Numerical gradient
         0.000000000         0.000000000        -0.000032138
         0.000000000         0.000000000         0.000016666
         0.000013494         0.000000000         0.000008195
        -0.000006747        -0.000011686         0.000008195
        -0.000006747         0.000011686         0.000008195
         0.000000000         0.000000000        -0.000009114

Energy
    -40.87966392  
